keyword,caption_name,guid,ENTITY_LABEL,name,description,source,source_identifier,global_identifier
amazon factory,Amazon factory,32ec5fc746a720416749e18927068772,Diplomat,Amazon factory,,Corp_Infra_Mention,96be9744ca48af8cd485ec8d55401f58,Corp_Infra_Mention__96be9744ca48af8cd485ec8d55401f58
paypal factory,Paypal factory,cb5aa0e62a22c02eea509f4ed369f97e,DiplomaticFacilities,Paypal factory,,Corp_Infra_Mention,dd48a771f2acb118df0cc858fc7abb21,Corp_Infra_Mention__dd48a771f2acb118df0cc858fc7abb21
aws factory,AWS factory,32ec5fc746a720416749e18927068772,CompanyKeyword,AWS factory,,Corp_Infra_Mention,2c1fe1bcc0634c8c7404c0a7801e5521,Corp_Infra_Mention__2c1fe1bcc0634c8c7404c0a7801e5521
netflix factory,Netflix factory,1e8efb6d2c02a70af5041088361f83f3,Organization,Netflix factory,,Corp_Infra_Mention,0aa25aa3792fb8c688624c26e0c1773c,Corp_Infra_Mention__0aa25aa3792fb8c688624c26e0c1773c
deepmind factory,Deepmind factory,29d99882da5223603d025ccb959dfcbf,CompanyKeyword,Deepmind factory,,Corp_Infra_Mention,fcac4df1096784e2390fdfa90f1d36c7,Corp_Infra_Mention__fcac4df1096784e2390fdfa90f1d36c7
amazon plant,Amazon plant,32ec5fc746a720416749e18927068772,Keyphrase,Amazon plant,,Corp_Infra_Mention,b40fcba9271a4f2a7865d75ffef989dd,Corp_Infra_Mention__b40fcba9271a4f2a7865d75ffef989dd
paypal plant,Paypal plant,cb5aa0e62a22c02eea509f4ed369f97e,FTO,Paypal plant,,Corp_Infra_Mention,be09a7394603dd10d2223206b3bbe6f1,Corp_Infra_Mention__be09a7394603dd10d2223206b3bbe6f1
aws plant,AWS plant,32ec5fc746a720416749e18927068772,CompanyKeyword,AWS plant,,Corp_Infra_Mention,591876e91d422ce1115eb92d08b477d8,Corp_Infra_Mention__591876e91d422ce1115eb92d08b477d8
netflix plant,Netflix plant,1e8efb6d2c02a70af5041088361f83f3,FTO,Netflix plant,,Corp_Infra_Mention,4edecbbe9b7b27811e3c672f82055b1a,Corp_Infra_Mention__4edecbbe9b7b27811e3c672f82055b1a
deepmind plant,Deepmind plant,29d99882da5223603d025ccb959dfcbf,AAEntity,Deepmind plant,,Corp_Infra_Mention,121f3510e840df8bdd734f3d6ac9852a,Corp_Infra_Mention__121f3510e840df8bdd734f3d6ac9852a
amazon store,Amazon store,32ec5fc746a720416749e18927068772,Consulates,Amazon store,,Corp_Infra_Mention,7b25dd726d0e6004ffe631da00018777,Corp_Infra_Mention__7b25dd726d0e6004ffe631da00018777
paypal store,Paypal store,cb5aa0e62a22c02eea509f4ed369f97e,Person,Paypal store,,Corp_Infra_Mention,92068b9ec90caebadc5fcdcb77f408df,Corp_Infra_Mention__92068b9ec90caebadc5fcdcb77f408df
aws store,AWS store,32ec5fc746a720416749e18927068772,Refinery,AWS store,,Corp_Infra_Mention,f878d7697b9d1bada27afb5fb76818c2,Corp_Infra_Mention__f878d7697b9d1bada27afb5fb76818c2
netflix store,Netflix store,1e8efb6d2c02a70af5041088361f83f3,Shipping,Netflix store,,Corp_Infra_Mention,1e2ff07f61bab4a3649a46733fc2e699,Corp_Infra_Mention__1e2ff07f61bab4a3649a46733fc2e699
deepmind store,Deepmind store,29d99882da5223603d025ccb959dfcbf,Legislator,Deepmind store,,Corp_Infra_Mention,433927b3067b2f5f7e3a0a9ddeeb20cf,Corp_Infra_Mention__433927b3067b2f5f7e3a0a9ddeeb20cf
amazon building,Amazon building,32ec5fc746a720416749e18927068772,Shipping,Amazon building,,Corp_Infra_Mention,f46fecc626bce320a2417cda4685b26d,Corp_Infra_Mention__f46fecc626bce320a2417cda4685b26d
paypal building,Paypal building,cb5aa0e62a22c02eea509f4ed369f97e,space,Paypal building,,Corp_Infra_Mention,8da51de0fadbb19d3eecc03662237142,Corp_Infra_Mention__8da51de0fadbb19d3eecc03662237142
aws building,AWS building,32ec5fc746a720416749e18927068772,ForeignMinistry,AWS building,,Corp_Infra_Mention,15601947dcedbaf223f4f8023a1448e6,Corp_Infra_Mention__15601947dcedbaf223f4f8023a1448e6
netflix building,Netflix building,1e8efb6d2c02a70af5041088361f83f3,Refinery,Netflix building,,Corp_Infra_Mention,37f364c5f798f1b0e9edd76276e53c54,Corp_Infra_Mention__37f364c5f798f1b0e9edd76276e53c54
deepmind building,Deepmind building,29d99882da5223603d025ccb959dfcbf,Organization,Deepmind building,,Corp_Infra_Mention,04893bd37ab776c446005b1debc248e0,Corp_Infra_Mention__04893bd37ab776c446005b1debc248e0
amazon warehouse,Amazon warehouse,32ec5fc746a720416749e18927068772,Legislator,Amazon warehouse,,Corp_Infra_Mention,54790090d002ae17962ecffdc01a0779,Corp_Infra_Mention__54790090d002ae17962ecffdc01a0779
paypal warehouse,Paypal warehouse,cb5aa0e62a22c02eea509f4ed369f97e,space,Paypal warehouse,,Corp_Infra_Mention,84e71c18a8dda4d54f5bedbc2743495b,Corp_Infra_Mention__84e71c18a8dda4d54f5bedbc2743495b
aws warehouse,AWS warehouse,32ec5fc746a720416749e18927068772,Keyphrase,AWS warehouse,,Corp_Infra_Mention,7c31d124b88f3c9d2da8a9816b03dee6,Corp_Infra_Mention__7c31d124b88f3c9d2da8a9816b03dee6
netflix warehouse,Netflix warehouse,1e8efb6d2c02a70af5041088361f83f3,ForeignMinister,Netflix warehouse,,Corp_Infra_Mention,2efd9690201953dc08a139182a4abde1,Corp_Infra_Mention__2efd9690201953dc08a139182a4abde1
deepmind warehouse,Deepmind warehouse,29d99882da5223603d025ccb959dfcbf,space,Deepmind warehouse,,Corp_Infra_Mention,08a77b1b20327ead92b7811d7cc16b3e,Corp_Infra_Mention__08a77b1b20327ead92b7811d7cc16b3e
amazon complex,Amazon complex,32ec5fc746a720416749e18927068772,Keyphrase,Amazon complex,,Corp_Infra_Mention,68752516d264dd98acedb685de768d59,Corp_Infra_Mention__68752516d264dd98acedb685de768d59
paypal complex,Paypal complex,cb5aa0e62a22c02eea509f4ed369f97e,Legislator,Paypal complex,,Corp_Infra_Mention,c3ec4b5a515fb66ec099e04e8a020d93,Corp_Infra_Mention__c3ec4b5a515fb66ec099e04e8a020d93
aws complex,AWS complex,32ec5fc746a720416749e18927068772,ForeignMinistry,AWS complex,,Corp_Infra_Mention,cf6a37085d09726c52d45a5a64dc77fd,Corp_Infra_Mention__cf6a37085d09726c52d45a5a64dc77fd
netflix complex,Netflix complex,1e8efb6d2c02a70af5041088361f83f3,Diplomat,Netflix complex,,Corp_Infra_Mention,aabb0e51c6bcf5d721f32fea388726a8,Corp_Infra_Mention__aabb0e51c6bcf5d721f32fea388726a8
deepmind complex,Deepmind complex,29d99882da5223603d025ccb959dfcbf,Person,Deepmind complex,,Corp_Infra_Mention,468e4947c9fc06db74f867d96d67eeb4,Corp_Infra_Mention__468e4947c9fc06db74f867d96d67eeb4
amazon campus,Amazon campus,32ec5fc746a720416749e18927068774,Legislator,Amazon campus,,Corp_Infra_Mention,ccf14f4d3affb3ecfb5febfe99d7cf3d,Corp_Infra_Mention__ccf14f4d3affb3ecfb5febfe99d7cf3d
paypal campus,Paypal campus,cb5aa0e62a22c02eea509f4ed369f97e,Wells,Paypal campus,,Corp_Infra_Mention,0e5438652e3133ba6d81b0e96e80af5f,Corp_Infra_Mention__0e5438652e3133ba6d81b0e96e80af5f
aws campus,AWS campus,32ec5fc746a720416749e18927068772,LegislativeCommittee,AWS campus,,Corp_Infra_Mention,65504ede41a77661fe87f3633486a400,Corp_Infra_Mention__65504ede41a77661fe87f3633486a400
netflix campus,Netflix campus,1e8efb6d2c02a70af5041088361f83f3,CompanyKeyword,Netflix campus,,Corp_Infra_Mention,ce3aad8c94d3e2a23b7559a70177eb3f,Corp_Infra_Mention__ce3aad8c94d3e2a23b7559a70177eb3f
deepmind campus,Deepmind campus,29d99882da5223603d025ccb959dfcbf,Organization,Deepmind campus,,Corp_Infra_Mention,889a59281be0242409d46f9ffa7ef9e5,Corp_Infra_Mention__889a59281be0242409d46f9ffa7ef9e5
amazon hq,Amazon headquarters,32ec5fc746a720416749e18927068777,Keyphrase,Amazon headquarters,,Corp_Infra_Mention,5892b3da594d774db7a516589a046f48,Corp_Infra_Mention__5892b3da594d774db7a516589a046f48
paypal hq,Paypal headquarters,cb5aa0e62a22c02eea509f4ed369f97e,Keyphrase,Paypal headquarters,,Corp_Infra_Mention,1987bd77ad3adbca3beed84f1c167715,Corp_Infra_Mention__1987bd77ad3adbca3beed84f1c167715
aws hq,AWS headquarters,32ec5fc746a720416749e18927068772,CompanyKeyword,AWS headquarters,,Corp_Infra_Mention,1542f5477356c3666a87a11d91694c04,Corp_Infra_Mention__1542f5477356c3666a87a11d91694c04
netflix hq,Netflix headquarters,1e8efb6d2c02a70af5041088361f83f3,ForeignMinister,Netflix headquarters,,Corp_Infra_Mention,37522c2426012338207a4d8556814585,Corp_Infra_Mention__37522c2426012338207a4d8556814585
deepmind hq,Deepmind headquarters,29d99882da5223603d025ccb959dfcbf,CompanyKeyword,Deepmind headquarters,,Corp_Infra_Mention,36e429a3d58fc242bf758e9202bab2cb,Corp_Infra_Mention__36e429a3d58fc242bf758e9202bab2cb
amazon headquarters,Amazon headquarters,32ec5fc746a720416749e18927068780,LegislativeCommittee,Amazon headquarters,,Corp_Infra_Mention,5892b3da594d774db7a516589a046f48,Corp_Infra_Mention__5892b3da594d774db7a516589a046f48
paypal headquarters,Paypal headquarters,cb5aa0e62a22c02eea509f4ed369f97e,Diplomat,Paypal headquarters,,Corp_Infra_Mention,1987bd77ad3adbca3beed84f1c167715,Corp_Infra_Mention__1987bd77ad3adbca3beed84f1c167715
aws headquarters,AWS headquarters,32ec5fc746a720416749e18927068772,CompanyKeyword,AWS headquarters,,Corp_Infra_Mention,1542f5477356c3666a87a11d91694c04,Corp_Infra_Mention__1542f5477356c3666a87a11d91694c04
netflix headquarters,Netflix headquarters,1e8efb6d2c02a70af5041088361f83f3,Refinery,Netflix headquarters,,Corp_Infra_Mention,37522c2426012338207a4d8556814585,Corp_Infra_Mention__37522c2426012338207a4d8556814585
deepmind headquarters,Deepmind headquarters,29d99882da5223603d025ccb959dfcbf,News,Deepmind headquarters,,Corp_Infra_Mention,36e429a3d58fc242bf758e9202bab2cb,Corp_Infra_Mention__36e429a3d58fc242bf758e9202bab2cb
amazon office,Amazon office,32ec5fc746a720416749e18927068783,ForeignMinister,Amazon office,,Corp_Infra_Mention,55e5f46126343d14df997c19d96d037e,Corp_Infra_Mention__55e5f46126343d14df997c19d96d037e
paypal office,Paypal office,cb5aa0e62a22c02eea509f4ed369f97e,ForeignMinistry,Paypal office,,Corp_Infra_Mention,ea71fe5179141476374da676a2aa5370,Corp_Infra_Mention__ea71fe5179141476374da676a2aa5370
aws office,AWS office,32ec5fc746a720416749e18927068772,AAEntity,AWS office,,Corp_Infra_Mention,2844eb5fa444e05ebb0ba77480b9b2f9,Corp_Infra_Mention__2844eb5fa444e05ebb0ba77480b9b2f9
netflix office,Netflix office,1e8efb6d2c02a70af5041088361f83f3,Refinery,Netflix office,,Corp_Infra_Mention,71fc4852880de5d9aa849774ccc746e0,Corp_Infra_Mention__71fc4852880de5d9aa849774ccc746e0
deepmind office,Deepmind office,29d99882da5223603d025ccb959dfcbf,Diplomat,Deepmind office,,Corp_Infra_Mention,9c894e8a5e3f48e7b3b96fca27852157,Corp_Infra_Mention__9c894e8a5e3f48e7b3b96fca27852157
amazon offices,Amazon offices,32ec5fc746a720416749e18927068786,AAEntity,Amazon offices,,Corp_Infra_Mention,6960fcb08ce01775cd343c17be8e64da,Corp_Infra_Mention__6960fcb08ce01775cd343c17be8e64da
paypal offices,Paypal offices,cb5aa0e62a22c02eea509f4ed369f97e,Consulates,Paypal offices,,Corp_Infra_Mention,d27e32ce946514d67f85ad8eab68a2b4,Corp_Infra_Mention__d27e32ce946514d67f85ad8eab68a2b4
aws offices,AWS offices,32ec5fc746a720416749e18927068772,Pipeline,AWS offices,,Corp_Infra_Mention,22cb5fac3d0a1ebc2de0f65e98700cde,Corp_Infra_Mention__22cb5fac3d0a1ebc2de0f65e98700cde
netflix offices,Netflix offices,1e8efb6d2c02a70af5041088361f83f3,FTO,Netflix offices,,Corp_Infra_Mention,aa7388e43ddb82e520a7aa390143f585,Corp_Infra_Mention__aa7388e43ddb82e520a7aa390143f585
deepmind offices,Deepmind offices,29d99882da5223603d025ccb959dfcbf,CompanyKeyword,Deepmind offices,,Corp_Infra_Mention,2feee11580494fec93eca93e047029c0,Corp_Infra_Mention__2feee11580494fec93eca93e047029c0
amazon van,Amazon van,32ec5fc746a720416749e18927068789,IndustryTerm,Amazon van,,Corp_Infra_Mention,7cf3d48407f78b6aae1ce3b44b61a279,Corp_Infra_Mention__7cf3d48407f78b6aae1ce3b44b61a279
paypal van,Paypal van,cb5aa0e62a22c02eea509f4ed369f97e,ForeignMinistry,Paypal van,,Corp_Infra_Mention,82dd2c2d47ab80e21ac36806ecf2cd9b,Corp_Infra_Mention__82dd2c2d47ab80e21ac36806ecf2cd9b
aws van,AWS van,32ec5fc746a720416749e18927068772,Person,AWS van,,Corp_Infra_Mention,b20d46b28271249fac197370933eef58,Corp_Infra_Mention__b20d46b28271249fac197370933eef58
netflix van,Netflix van,1e8efb6d2c02a70af5041088361f83f3,Organization,Netflix van,,Corp_Infra_Mention,ddeed920edac581ab8ab40544f25e700,Corp_Infra_Mention__ddeed920edac581ab8ab40544f25e700
deepmind van,Deepmind van,29d99882da5223603d025ccb959dfcbf,ForeignMinistry,Deepmind van,,Corp_Infra_Mention,5d1e293759e830a2f754bd547ebebc2c,Corp_Infra_Mention__5d1e293759e830a2f754bd547ebebc2c
amazon center,Amazon center,32ec5fc746a720416749e18927068792,CompanyKeyword,Amazon center,,Corp_Infra_Mention,1f910f5fd844b8503220f34db74f2e69,Corp_Infra_Mention__1f910f5fd844b8503220f34db74f2e69
paypal center,Paypal center,cb5aa0e62a22c02eea509f4ed369f97e,Exec,Paypal center,,Corp_Infra_Mention,660eed7bad75adda84fbb0ca1005920c,Corp_Infra_Mention__660eed7bad75adda84fbb0ca1005920c
aws center,AWS center,32ec5fc746a720416749e18927068772,space,AWS center,,Corp_Infra_Mention,ea85018b2aa4529c6933d9fd7cdd105b,Corp_Infra_Mention__ea85018b2aa4529c6933d9fd7cdd105b
netflix center,Netflix center,1e8efb6d2c02a70af5041088361f83f3,Keyphrase,Netflix center,,Corp_Infra_Mention,2f1808f05076668736dc0c3a9d496417,Corp_Infra_Mention__2f1808f05076668736dc0c3a9d496417
deepmind center,Deepmind center,29d99882da5223603d025ccb959dfcbf,Media,Deepmind center,,Corp_Infra_Mention,6c0123f05cbe9cd2d547f3d1b6dfda6f,Corp_Infra_Mention__6c0123f05cbe9cd2d547f3d1b6dfda6f
amazon distribution center,Amazon distribution center,32ec5fc746a720416749e18927068795,Exec,Amazon distribution center,,Corp_Infra_Mention,8c87a19cdf26f65de1bc57270426cb8f,Corp_Infra_Mention__8c87a19cdf26f65de1bc57270426cb8f
paypal distribution center,Paypal distribution center,cb5aa0e62a22c02eea509f4ed369f97e,News,Paypal distribution center,,Corp_Infra_Mention,7ba6f8a531c1a3bb7797497292930ac8,Corp_Infra_Mention__7ba6f8a531c1a3bb7797497292930ac8
aws distribution center center,AWS distribution center,32ec5fc746a720416749e18927068772,Media,AWS distribution center,,Corp_Infra_Mention,942e8259e48e4456ec46d50aeb7e1c68,Corp_Infra_Mention__942e8259e48e4456ec46d50aeb7e1c68
netflix distribution center,Netflix distribution center,1e8efb6d2c02a70af5041088361f83f3,AAEntity,Netflix distribution center,,Corp_Infra_Mention,c45f915d123589a3502003decc2be85c,Corp_Infra_Mention__c45f915d123589a3502003decc2be85c
deepmind distribution center,Deepmind distribution center,29d99882da5223603d025ccb959dfcbf,Shipping,Deepmind distribution center,,Corp_Infra_Mention,4db4b108de649c86b31c2c079300334e,Corp_Infra_Mention__4db4b108de649c86b31c2c079300334e
amazon truck,Amazon truck,32ec5fc746a720416749e18927068798,Organization,Amazon truck,,Corp_Infra_Mention,02dbaf736cde0896b66688eccd3aed64,Corp_Infra_Mention__02dbaf736cde0896b66688eccd3aed64
paypal truck,Paypal truck,cb5aa0e62a22c02eea509f4ed369f97e,CompanyKeyword,Paypal truck,,Corp_Infra_Mention,c60d367a79d386c19643ae8505a3d06e,Corp_Infra_Mention__c60d367a79d386c19643ae8505a3d06e
aws truck,AWS truck,32ec5fc746a720416749e18927068772,Keyphrase,AWS truck,,Corp_Infra_Mention,412ce10e7adf3f33f6a07c90159423d3,Corp_Infra_Mention__412ce10e7adf3f33f6a07c90159423d3
netflix truck,Netflix truck,1e8efb6d2c02a70af5041088361f83f3,ForeignMinister,Netflix truck,,Corp_Infra_Mention,a33183d0b5909ef1717f2e26b7445ef2,Corp_Infra_Mention__a33183d0b5909ef1717f2e26b7445ef2
deepmind truck,Deepmind truck,29d99882da5223603d025ccb959dfcbf,AAEntity,Deepmind truck,,Corp_Infra_Mention,091793a811955d5d6374653d26bfc62b,Corp_Infra_Mention__091793a811955d5d6374653d26bfc62b
amazon trucks,Amazon trucks,32ec5fc746a720416749e18927068801,Diplomat,Amazon trucks,,Corp_Infra_Mention,8b7a26a6b7e0d6586207278abf965581,Corp_Infra_Mention__8b7a26a6b7e0d6586207278abf965581
paypal trucks,Paypal trucks,cb5aa0e62a22c02eea509f4ed369f97e,ForeignMinister,Paypal trucks,,Corp_Infra_Mention,a716bb644a099f2b68170676999bb50c,Corp_Infra_Mention__a716bb644a099f2b68170676999bb50c
aws trucks,AWS trucks,32ec5fc746a720416749e18927068772,Organization,AWS trucks,,Corp_Infra_Mention,11bbb4c1591fbfd4a632717b47dbac53,Corp_Infra_Mention__11bbb4c1591fbfd4a632717b47dbac53
netflix trucks,Netflix trucks,1e8efb6d2c02a70af5041088361f83f3,CompanyKeyword,Netflix trucks,,Corp_Infra_Mention,74275d63bd62a395012df3f782fa1d27,Corp_Infra_Mention__74275d63bd62a395012df3f782fa1d27
deepmind trucks,Deepmind trucks,29d99882da5223603d025ccb959dfcbf,DiplomaticFacilities,Deepmind trucks,,Corp_Infra_Mention,c61af270b92f407f8fefa817c3286019,Corp_Infra_Mention__c61af270b92f407f8fefa817c3286019
amazon facility,Amazon facility,32ec5fc746a720416749e18927068804,Media,Amazon facility,,Corp_Infra_Mention,8f678f1ccf8f357cd76b68dbc19e0ce5,Corp_Infra_Mention__8f678f1ccf8f357cd76b68dbc19e0ce5
paypal facility,Paypal facility,cb5aa0e62a22c02eea509f4ed369f97e,Legislator,Paypal facility,,Corp_Infra_Mention,454a78043c81984d3959488721bfed4a,Corp_Infra_Mention__454a78043c81984d3959488721bfed4a
aws facility,AWS facility,32ec5fc746a720416749e18927068772,ForeignMinister,AWS facility,,Corp_Infra_Mention,e81b8635e6e4ffda09c8cd6f31904fe0,Corp_Infra_Mention__e81b8635e6e4ffda09c8cd6f31904fe0
netflix facility,Netflix facility,1e8efb6d2c02a70af5041088361f83f3,Diplomat,Netflix facility,,Corp_Infra_Mention,eb5b3fca8c4c8440cd9dc79bd62b8f02,Corp_Infra_Mention__eb5b3fca8c4c8440cd9dc79bd62b8f02
deepmind facility,Deepmind facility,29d99882da5223603d025ccb959dfcbf,Legislator,Deepmind facility,,Corp_Infra_Mention,1034f9761e802dcd726e7784ec748fbb,Corp_Infra_Mention__1034f9761e802dcd726e7784ec748fbb
amazon facilities,Amazon facilities,32ec5fc746a720416749e18927068807,Wells,Amazon facilities,,Corp_Infra_Mention,2a6020ed53e3269ba3f68bfb9772ccc7,Corp_Infra_Mention__2a6020ed53e3269ba3f68bfb9772ccc7
paypal facilities,Paypal facilities,cb5aa0e62a22c02eea509f4ed369f97e,DiplomaticFacilities,Paypal facilities,,Corp_Infra_Mention,3a84ffb2301b77d4ae28567bb6b5f3d2,Corp_Infra_Mention__3a84ffb2301b77d4ae28567bb6b5f3d2
aws facilities,AWS facilities,32ec5fc746a720416749e18927068772,CompanyKeyword,AWS facilities,,Corp_Infra_Mention,c9902972172b29b18bebb487c629ac82,Corp_Infra_Mention__c9902972172b29b18bebb487c629ac82
netflix facilities,Netflix facilities,1e8efb6d2c02a70af5041088361f83f3,space,Netflix facilities,,Corp_Infra_Mention,c52cba8a7dcff7837229a88ed3877aaf,Corp_Infra_Mention__c52cba8a7dcff7837229a88ed3877aaf
deepmind facilities,Deepmind facilities,29d99882da5223603d025ccb959dfcbf,ForeignMinistry,Deepmind facilities,,Corp_Infra_Mention,339a728b4d76030583fe5bcbad17bc75,Corp_Infra_Mention__339a728b4d76030583fe5bcbad17bc75
amazon manufacturing,Amazon manufacturing,32ec5fc746a720416749e18927068810,IndustryTerm,Amazon manufacturing,,Corp_Infra_Mention,7c694a5c8b26305e917285c482206327,Corp_Infra_Mention__7c694a5c8b26305e917285c482206327
paypal manufacturing,Paypal manufacturing,cb5aa0e62a22c02eea509f4ed369f97e,Diplomat,Paypal manufacturing,,Corp_Infra_Mention,f417ad5069dfc016d42c8ae84f5b7445,Corp_Infra_Mention__f417ad5069dfc016d42c8ae84f5b7445
aws manufacturing,AWS manufacturing,32ec5fc746a720416749e18927068772,Diplomat,AWS manufacturing,,Corp_Infra_Mention,4860707fa34b0bb38ba25a2be7646102,Corp_Infra_Mention__4860707fa34b0bb38ba25a2be7646102
netflix manufacturing,Netflix manufacturing,1e8efb6d2c02a70af5041088361f83f3,ForeignMinister,Netflix manufacturing,,Corp_Infra_Mention,64367826259f394877e09628f5698857,Corp_Infra_Mention__64367826259f394877e09628f5698857
deepmind manufacturing,Deepmind manufacturing,29d99882da5223603d025ccb959dfcbf,Keyphrase,Deepmind manufacturing,,Corp_Infra_Mention,639ebda36ce6f50a40a7a50c850c89be,Corp_Infra_Mention__639ebda36ce6f50a40a7a50c850c89be
amazon production,Amazon production,32ec5fc746a720416749e18927068819,Person,Amazon production,,Corp_Infra_Mention,15e54734a3268dc6da812c4db216ce8a,Corp_Infra_Mention__15e54734a3268dc6da812c4db216ce8a
paypal production,Paypal production,cb5aa0e62a22c02eea509f4ed369f97e,Pipeline,Paypal production,,Corp_Infra_Mention,f4f88bc240aa2e56335592ec0c3ce1ee,Corp_Infra_Mention__f4f88bc240aa2e56335592ec0c3ce1ee
aws production,AWS production,32ec5fc746a720416749e18927068772,space,AWS production,,Corp_Infra_Mention,32d59a078057aee40b95ac0b3aa59704,Corp_Infra_Mention__32d59a078057aee40b95ac0b3aa59704
deepmind production,Deepmind production,29d99882da5223603d025ccb959dfcbf,Refinery,Deepmind production,,Corp_Infra_Mention,615e2f7ad845f77106c5ec1f9ec8ebcc,Corp_Infra_Mention__615e2f7ad845f77106c5ec1f9ec8ebcc
amazon processing,Amazon processing,32ec5fc746a720416749e18927068822,Diplomat,Amazon processing,,Corp_Infra_Mention,68aca727d50cce676ddf27a17df76afd,Corp_Infra_Mention__68aca727d50cce676ddf27a17df76afd
paypal processing,Paypal processing,cb5aa0e62a22c02eea509f4ed369f97e,CompanyKeyword,Paypal processing,,Corp_Infra_Mention,01a87a87ce689890408d56acb43b7d83,Corp_Infra_Mention__01a87a87ce689890408d56acb43b7d83
aws processing,AWS processing,32ec5fc746a720416749e18927068772,Legislator,AWS processing,,Corp_Infra_Mention,82fe15f5ae0e680923b9c7dd7bcd3d36,Corp_Infra_Mention__82fe15f5ae0e680923b9c7dd7bcd3d36
amazon drilling,Amazon drilling,32ec5fc746a720416749e18927068825,Organization,Amazon drilling,,Corp_Infra_Mention,9a1b69d4eda10d8c53922605fb0ee083,Corp_Infra_Mention__9a1b69d4eda10d8c53922605fb0ee083
paypal drilling,Paypal drilling,cb5aa0e62a22c02eea509f4ed369f97e,Person,Paypal drilling,,Corp_Infra_Mention,2e44d01e575ae27215972307d609cb19,Corp_Infra_Mention__2e44d01e575ae27215972307d609cb19
aws drilling,AWS drilling,32ec5fc746a720416749e18927068772,Organization,AWS drilling,,Corp_Infra_Mention,b756d67a5069e584004d0a2134b7ff11,Corp_Infra_Mention__b756d67a5069e584004d0a2134b7ff11
amazon gas station,Amazon gas station,32ec5fc746a720416749e18927068828,Pipeline,Amazon gas station,,Corp_Infra_Mention,7d4f5dd7afc7726b44e58c7528aa9ad1,Corp_Infra_Mention__7d4f5dd7afc7726b44e58c7528aa9ad1
paypal gas station,Paypal gas station,cb5aa0e62a22c02eea509f4ed369f97e,CompanyKeyword,Paypal gas station,,Corp_Infra_Mention,a34ac712a82843f75b3f86fa891979bd,Corp_Infra_Mention__a34ac712a82843f75b3f86fa891979bd
aws gas station,AWS gas station,32ec5fc746a720416749e18927068772,Diplomat,AWS gas station,,Corp_Infra_Mention,2737e2347a4cfcb22bf7072f3f261638,Corp_Infra_Mention__2737e2347a4cfcb22bf7072f3f261638
amazon petrol station,Amazon petrol station,32ec5fc746a720416749e18927068831,IndustryTerm,Amazon petrol station,,Corp_Infra_Mention,5076c6f32195a0b89001513ef0d8ec8a,Corp_Infra_Mention__5076c6f32195a0b89001513ef0d8ec8a
paypal petrol station,Paypal petrol station,cb5aa0e62a22c02eea509f4ed369f97e,Refinery,Paypal petrol station,,Corp_Infra_Mention,d76c226ef628ee7e21be5078579a5ee9,Corp_Infra_Mention__d76c226ef628ee7e21be5078579a5ee9
aws petrol station,AWS petrol station,32ec5fc746a720416749e18927068772,AAEntity,AWS petrol station,,Corp_Infra_Mention,dbb77ef471a7f717ddb75568714a1ff4,Corp_Infra_Mention__dbb77ef471a7f717ddb75568714a1ff4
amazon packaging center,Amazon packaging center,32ec5fc746a720416749e18927068834,ForeignMinister,Amazon packaging center,,Corp_Infra_Mention,4cca6b2d4aecb5a4b42a4c1759aaffc7,Corp_Infra_Mention__4cca6b2d4aecb5a4b42a4c1759aaffc7
paypal packaging center,Paypal packaging center,cb5aa0e62a22c02eea509f4ed369f97e,CompanyKeyword,Paypal packaging center,,Corp_Infra_Mention,467c071cc1313f35cf87a576928b62b0,Corp_Infra_Mention__467c071cc1313f35cf87a576928b62b0
aws packaging center,AWS packaging center,32ec5fc746a720416749e18927068772,Exec,AWS packaging center,,Corp_Infra_Mention,47dee51cf33a3e4c2eb0d54e0c1edfc6,Corp_Infra_Mention__47dee51cf33a3e4c2eb0d54e0c1edfc6
amazon packaging facility,Amazon packaging facility,32ec5fc746a720416749e18927068837,Consulates,Amazon packaging facility,,Corp_Infra_Mention,c01bf08ca03043dea89afd38e3d6fd3f,Corp_Infra_Mention__c01bf08ca03043dea89afd38e3d6fd3f
paypal packaging facility,Paypal packaging facility,cb5aa0e62a22c02eea509f4ed369f97e,Wells,Paypal packaging facility,,Corp_Infra_Mention,badd19a9fb2207c86d5ad8c00372bf42,Corp_Infra_Mention__badd19a9fb2207c86d5ad8c00372bf42
aws packaging facility,AWS packaging facility,32ec5fc746a720416749e18927068772,Person,AWS packaging facility,,Corp_Infra_Mention,e32d040ea0cb9adc45790da6207aef16,Corp_Infra_Mention__e32d040ea0cb9adc45790da6207aef16
amazon delivery,Amazon delivery,32ec5fc746a720416749e18927068840,Organization,Amazon delivery,,Corp_Infra_Mention,2d90e3625b31bd565e74d6130d2a415e,Corp_Infra_Mention__2d90e3625b31bd565e74d6130d2a415e
paypal delivery,Paypal delivery,cb5aa0e62a22c02eea509f4ed369f97e,News,Paypal delivery,,Corp_Infra_Mention,e7a131e78e64929f018c354c173e16f7,Corp_Infra_Mention__e7a131e78e64929f018c354c173e16f7
aws delivery,AWS delivery,32ec5fc746a720416749e18927068772,ForeignMinistry,AWS delivery,,Corp_Infra_Mention,bab669885b3fbf668e8d04eb1c079952,Corp_Infra_Mention__bab669885b3fbf668e8d04eb1c079952
amazon compound,Amazon compound,32ec5fc746a720416749e18927068843,Pipeline,Amazon compound,,Corp_Infra_Mention,ca5b6ae6104d2b721c7f0eb273614b49,Corp_Infra_Mention__ca5b6ae6104d2b721c7f0eb273614b49
paypal compound,Paypal compound,cb5aa0e62a22c02eea509f4ed369f97e,Shipping,Paypal compound,,Corp_Infra_Mention,d78f89d6bfc770392249023856acc01f,Corp_Infra_Mention__d78f89d6bfc770392249023856acc01f
aws compound,AWS compound,32ec5fc746a720416749e18927068772,Wells,AWS compound,,Corp_Infra_Mention,7d23433a1a46a8841f8913d2fdf7547d,Corp_Infra_Mention__7d23433a1a46a8841f8913d2fdf7547d
netflix compound,Netflix compound,1e8efb6d2c02a70af5041088361f83f3,ForeignMinistry,Netflix compound,,Corp_Infra_Mention,4be517874b3e300b901ad88da029ebf8,Corp_Infra_Mention__4be517874b3e300b901ad88da029ebf8
deepmind compound,Deepmind compound,29d99882da5223603d025ccb959dfcbf,LegislativeCommittee,Deepmind compound,,Corp_Infra_Mention,74c6e29962e3587c8117fc9975a1ce11,Corp_Infra_Mention__74c6e29962e3587c8117fc9975a1ce11
amazon fulfillment center,Amazon fulfillment center,32ec5fc746a720416749e18927068846,Organization,Amazon fulfillment center,,Corp_Infra_Mention,c8a8699c9ccd499f36853f5bccfe4642,Corp_Infra_Mention__c8a8699c9ccd499f36853f5bccfe4642
paypal fulfillment center,Paypal fulfillment center,cb5aa0e62a22c02eea509f4ed369f97e,AAEntity,Paypal fulfillment center,,Corp_Infra_Mention,ee4442a78c6f2d38f682a2793c9618d3,Corp_Infra_Mention__ee4442a78c6f2d38f682a2793c9618d3
aws fulfillment center,AWS fulfillment center,32ec5fc746a720416749e18927068772,LegislativeCommittee,AWS fulfillment center,,Corp_Infra_Mention,816c035711939665feb499a74de0dd88,Corp_Infra_Mention__816c035711939665feb499a74de0dd88
amazon refinery,Amazon refinery,32ec5fc746a720416749e18927068849,ForeignMinister,Amazon refinery,,Corp_Infra_Mention,bb8bc9165962b57ca88f5e15bb0951e4,Corp_Infra_Mention__bb8bc9165962b57ca88f5e15bb0951e4
paypal refinery,Paypal refinery,cb5aa0e62a22c02eea509f4ed369f97e,Legislator,Paypal refinery,,Corp_Infra_Mention,1296db58b2d41b6b996b1bb6c20cb598,Corp_Infra_Mention__1296db58b2d41b6b996b1bb6c20cb598
aws refinery,AWS refinery,32ec5fc746a720416749e18927068772,IndustryTerm,AWS refinery,,Corp_Infra_Mention,39d9bc54371e400df30c40576788bbea,Corp_Infra_Mention__39d9bc54371e400df30c40576788bbea
amazon parking lot,Amazon parking lot,32ec5fc746a720416749e18927068852,FTO,Amazon parking lot,,Corp_Infra_Mention,9815e56033ca5213c3c776a4e9600ac5,Corp_Infra_Mention__9815e56033ca5213c3c776a4e9600ac5
paypal parking lot,Paypal parking lot,cb5aa0e62a22c02eea509f4ed369f97e,Refinery,Paypal parking lot,,Corp_Infra_Mention,463394b10084ae92b89d79f8a759674b,Corp_Infra_Mention__463394b10084ae92b89d79f8a759674b
aws parking lot,AWS parking lot,32ec5fc746a720416749e18927068772,AAEntity,AWS parking lot,,Corp_Infra_Mention,196054ab90d713b8b84c64f8d4475d3e,Corp_Infra_Mention__196054ab90d713b8b84c64f8d4475d3e
netflix parking lot,Netflix parking lot,1e8efb6d2c02a70af5041088361f83f3,News,Netflix parking lot,,Corp_Infra_Mention,94b9938e01a79a485923a991242ee9fa,Corp_Infra_Mention__94b9938e01a79a485923a991242ee9fa
deepmind parking lot,Deepmind parking lot,29d99882da5223603d025ccb959dfcbf,Organization,Deepmind parking lot,,Corp_Infra_Mention,b078a139d4f141502fc571a6d8488ad6,Corp_Infra_Mention__b078a139d4f141502fc571a6d8488ad6
cvs factory,CVS factory,480b1d303f9e1e9b2d443e70ac8d14b3,Shipping,CVS factory,,Corp_Infra_Mention,3b23822d2513c53e59d50d6103891369,Corp_Infra_Mention__3b23822d2513c53e59d50d6103891369
wal mart factory,Walmart factory,343b1f841f2758ce00d11e5b07c3a2e9,News,Walmart factory,,Corp_Infra_Mention,9a5c7fae897bae273dacb1b3e187bb88,Corp_Infra_Mention__9a5c7fae897bae273dacb1b3e187bb88
walmart factory,Walmart factory,343b1f841f2758ce00d11e5b07c3a2e9,Person,Walmart factory,,Corp_Infra_Mention,9a5c7fae897bae273dacb1b3e187bb88,Corp_Infra_Mention__9a5c7fae897bae273dacb1b3e187bb88
whole foods factory,Whole Foods factory,"d71e902f67e79b2f1e56c393f7c5f41f,32ec5fc746a720416749e18927068772",DiplomaticFacilities,Whole Foods factory,,Corp_Infra_Mention,f565c32785956e2c2e63b2fa6444d235,Corp_Infra_Mention__f565c32785956e2c2e63b2fa6444d235
wholefoods factory,Whole Foods factory,"d71e902f67e79b2f1e56c393f7c5f41f,32ec5fc746a720416749e18927068772",Organization,Whole Foods factory,,Corp_Infra_Mention,f565c32785956e2c2e63b2fa6444d235,Corp_Infra_Mention__f565c32785956e2c2e63b2fa6444d235
cvs plant,CVS plant,480b1d303f9e1e9b2d443e70ac8d14b3,AAEntity,CVS plant,,Corp_Infra_Mention,8795dc9d735308d5c6cee4efa2576a29,Corp_Infra_Mention__8795dc9d735308d5c6cee4efa2576a29
wal mart plant,Walmart plant,343b1f841f2758ce00d11e5b07c3a2e9,IndustryTerm,Walmart plant,,Corp_Infra_Mention,0b6c831b8f38924d5448a5e7c01e3609,Corp_Infra_Mention__0b6c831b8f38924d5448a5e7c01e3609
walmart plant,Walmart plant,343b1f841f2758ce00d11e5b07c3a2e9,CompanyKeyword,Walmart plant,,Corp_Infra_Mention,0b6c831b8f38924d5448a5e7c01e3609,Corp_Infra_Mention__0b6c831b8f38924d5448a5e7c01e3609
whole foods plant,Whole Foods plant,"d71e902f67e79b2f1e56c393f7c5f41f,32ec5fc746a720416749e18927068772",LegislativeCommittee,Whole Foods plant,,Corp_Infra_Mention,075c5b12f8be026ef9ac818dce923208,Corp_Infra_Mention__075c5b12f8be026ef9ac818dce923208
wholefoods plant,Whole Foods plant,"d71e902f67e79b2f1e56c393f7c5f41f,32ec5fc746a720416749e18927068772",space,Whole Foods plant,,Corp_Infra_Mention,075c5b12f8be026ef9ac818dce923208,Corp_Infra_Mention__075c5b12f8be026ef9ac818dce923208
cvs store,CVS store,480b1d303f9e1e9b2d443e70ac8d14b3,News,CVS store,,Corp_Infra_Mention,0c909a9ba7f1a4550ff90c0d47d332c6,Corp_Infra_Mention__0c909a9ba7f1a4550ff90c0d47d332c6
wal mart store,Walmart store,343b1f841f2758ce00d11e5b07c3a2e9,LegislativeCommittee,Walmart store,,Corp_Infra_Mention,aba06a9ac1e9e5ac7549c54983afbb78,Corp_Infra_Mention__aba06a9ac1e9e5ac7549c54983afbb78
walmart store,Walmart store,343b1f841f2758ce00d11e5b07c3a2e9,ForeignMinister,Walmart store,,Corp_Infra_Mention,aba06a9ac1e9e5ac7549c54983afbb78,Corp_Infra_Mention__aba06a9ac1e9e5ac7549c54983afbb78
whole foods store,Whole Foods store,"d71e902f67e79b2f1e56c393f7c5f41f,32ec5fc746a720416749e18927068772",Media,Whole Foods store,,Corp_Infra_Mention,a2eb31ea817c3583fe58906696077b2e,Corp_Infra_Mention__a2eb31ea817c3583fe58906696077b2e
wholefoods store,Whole Foods store,"d71e902f67e79b2f1e56c393f7c5f41f,32ec5fc746a720416749e18927068772",News,Whole Foods store,,Corp_Infra_Mention,a2eb31ea817c3583fe58906696077b2e,Corp_Infra_Mention__a2eb31ea817c3583fe58906696077b2e
cvs building,CVS building,480b1d303f9e1e9b2d443e70ac8d14b3,Diplomat,CVS building,,Corp_Infra_Mention,1b86f5feaa96b3e44a122f1417973dcb,Corp_Infra_Mention__1b86f5feaa96b3e44a122f1417973dcb
wal mart building,Walmart building,343b1f841f2758ce00d11e5b07c3a2e9,CompanyKeyword,Walmart building,,Corp_Infra_Mention,aab17e106005aa0c3166877152125463,Corp_Infra_Mention__aab17e106005aa0c3166877152125463
walmart building,Walmart building,343b1f841f2758ce00d11e5b07c3a2e9,Exec,Walmart building,,Corp_Infra_Mention,aab17e106005aa0c3166877152125463,Corp_Infra_Mention__aab17e106005aa0c3166877152125463
whole foods building,Whole Foods building,"d71e902f67e79b2f1e56c393f7c5f41f,32ec5fc746a720416749e18927068772",Diplomat,Whole Foods building,,Corp_Infra_Mention,75aceb556988a354638117a47b7b75f4,Corp_Infra_Mention__75aceb556988a354638117a47b7b75f4
wholefoods building,Whole Foods building,"d71e902f67e79b2f1e56c393f7c5f41f,32ec5fc746a720416749e18927068772",Wells,Whole Foods building,,Corp_Infra_Mention,75aceb556988a354638117a47b7b75f4,Corp_Infra_Mention__75aceb556988a354638117a47b7b75f4
cvs warehouse,CVS warehouse,480b1d303f9e1e9b2d443e70ac8d14b3,space,CVS warehouse,,Corp_Infra_Mention,13085a26c4bd27148e5c8ba7f792c98c,Corp_Infra_Mention__13085a26c4bd27148e5c8ba7f792c98c
wal mart warehouse,Walmart warehouse,343b1f841f2758ce00d11e5b07c3a2e9,Consulates,Walmart warehouse,,Corp_Infra_Mention,e2d2f9c3f93de2ec393895fc34b53f49,Corp_Infra_Mention__e2d2f9c3f93de2ec393895fc34b53f49
walmart warehouse,Walmart warehouse,343b1f841f2758ce00d11e5b07c3a2e9,Consulates,Walmart warehouse,,Corp_Infra_Mention,e2d2f9c3f93de2ec393895fc34b53f49,Corp_Infra_Mention__e2d2f9c3f93de2ec393895fc34b53f49
whole foods warehouse,Whole Foods warehouse,"d71e902f67e79b2f1e56c393f7c5f41f,32ec5fc746a720416749e18927068772",FTO,Whole Foods warehouse,,Corp_Infra_Mention,b35d67031727548c366cff5c92f9773c,Corp_Infra_Mention__b35d67031727548c366cff5c92f9773c
wholefoods warehouse,Whole Foods warehouse,"d71e902f67e79b2f1e56c393f7c5f41f,32ec5fc746a720416749e18927068772",ForeignMinister,Whole Foods warehouse,,Corp_Infra_Mention,b35d67031727548c366cff5c92f9773c,Corp_Infra_Mention__b35d67031727548c366cff5c92f9773c
cvs complex,CVS complex,480b1d303f9e1e9b2d443e70ac8d14b3,AAEntity,CVS complex,,Corp_Infra_Mention,ee3a82940ab4e411089565409521458a,Corp_Infra_Mention__ee3a82940ab4e411089565409521458a
wal mart complex,Walmart complex,343b1f841f2758ce00d11e5b07c3a2e9,Media,Walmart complex,,Corp_Infra_Mention,fd9915b475eedeedba291146095227b6,Corp_Infra_Mention__fd9915b475eedeedba291146095227b6
walmart complex,Walmart complex,343b1f841f2758ce00d11e5b07c3a2e9,AAEntity,Walmart complex,,Corp_Infra_Mention,fd9915b475eedeedba291146095227b6,Corp_Infra_Mention__fd9915b475eedeedba291146095227b6
whole foods complex,Whole Foods complex,"d71e902f67e79b2f1e56c393f7c5f41f,32ec5fc746a720416749e18927068772",Keyphrase,Whole Foods complex,,Corp_Infra_Mention,dc7791f57a8e314448e043e300383d17,Corp_Infra_Mention__dc7791f57a8e314448e043e300383d17
wholefoods complex,Whole Foods complex,"d71e902f67e79b2f1e56c393f7c5f41f,32ec5fc746a720416749e18927068772",Person,Whole Foods complex,,Corp_Infra_Mention,dc7791f57a8e314448e043e300383d17,Corp_Infra_Mention__dc7791f57a8e314448e043e300383d17
cvs campus,CVS campus,480b1d303f9e1e9b2d443e70ac8d14b3,Keyphrase,CVS campus,,Corp_Infra_Mention,cba4cc9ccace3fd1fc8459c98a149a38,Corp_Infra_Mention__cba4cc9ccace3fd1fc8459c98a149a38
wal mart campus,Walmart campus,343b1f841f2758ce00d11e5b07c3a2e9,space,Walmart campus,,Corp_Infra_Mention,e64ed4e3dcead11fa757e96603a668db,Corp_Infra_Mention__e64ed4e3dcead11fa757e96603a668db
walmart campus,Walmart campus,343b1f841f2758ce00d11e5b07c3a2e9,Exec,Walmart campus,,Corp_Infra_Mention,e64ed4e3dcead11fa757e96603a668db,Corp_Infra_Mention__e64ed4e3dcead11fa757e96603a668db
whole foods campus,Whole Foods campus,"d71e902f67e79b2f1e56c393f7c5f41f,32ec5fc746a720416749e18927068772",News,Whole Foods campus,,Corp_Infra_Mention,8bbf0da82c50709296da45045324e514,Corp_Infra_Mention__8bbf0da82c50709296da45045324e514
wholefoods campus,Whole Foods campus,"d71e902f67e79b2f1e56c393f7c5f41f,32ec5fc746a720416749e18927068772",space,Whole Foods campus,,Corp_Infra_Mention,8bbf0da82c50709296da45045324e514,Corp_Infra_Mention__8bbf0da82c50709296da45045324e514
cvs hq,CVS headquarters,480b1d303f9e1e9b2d443e70ac8d14b3,CompanyKeyword,CVS headquarters,,Corp_Infra_Mention,58ebfcead16e8331dc961e47624955c9,Corp_Infra_Mention__58ebfcead16e8331dc961e47624955c9
wal mart hq,Walmart headquarters,343b1f841f2758ce00d11e5b07c3a2e9,News,Walmart headquarters,,Corp_Infra_Mention,4e2174c6170a28b677b7308f4d6dbe3b,Corp_Infra_Mention__4e2174c6170a28b677b7308f4d6dbe3b
walmart hq,Walmart headquarters,343b1f841f2758ce00d11e5b07c3a2e9,Keyphrase,Walmart headquarters,,Corp_Infra_Mention,4e2174c6170a28b677b7308f4d6dbe3b,Corp_Infra_Mention__4e2174c6170a28b677b7308f4d6dbe3b
whole foods hq,Whole Foods headquarters,"d71e902f67e79b2f1e56c393f7c5f41f,32ec5fc746a720416749e18927068772",Consulates,Whole Foods headquarters,,Corp_Infra_Mention,0a21dadb954130c9a6f4d81bce097c2d,Corp_Infra_Mention__0a21dadb954130c9a6f4d81bce097c2d
wholefoods hq,Whole Foods headquarters,"d71e902f67e79b2f1e56c393f7c5f41f,32ec5fc746a720416749e18927068772",Pipeline,Whole Foods headquarters,,Corp_Infra_Mention,0a21dadb954130c9a6f4d81bce097c2d,Corp_Infra_Mention__0a21dadb954130c9a6f4d81bce097c2d
cvs headquarters,CVS headquarters,480b1d303f9e1e9b2d443e70ac8d14b3,DiplomaticFacilities,CVS headquarters,,Corp_Infra_Mention,58ebfcead16e8331dc961e47624955c9,Corp_Infra_Mention__58ebfcead16e8331dc961e47624955c9
wal mart headquarters,Walmart headquarters,343b1f841f2758ce00d11e5b07c3a2e9,Person,Walmart headquarters,,Corp_Infra_Mention,4e2174c6170a28b677b7308f4d6dbe3b,Corp_Infra_Mention__4e2174c6170a28b677b7308f4d6dbe3b
walmart headquarters,Walmart headquarters,343b1f841f2758ce00d11e5b07c3a2e9,Organization,Walmart headquarters,,Corp_Infra_Mention,4e2174c6170a28b677b7308f4d6dbe3b,Corp_Infra_Mention__4e2174c6170a28b677b7308f4d6dbe3b
whole foods headquarters,Whole Foods headquarters,"d71e902f67e79b2f1e56c393f7c5f41f,32ec5fc746a720416749e18927068772",AAEntity,Whole Foods headquarters,,Corp_Infra_Mention,0a21dadb954130c9a6f4d81bce097c2d,Corp_Infra_Mention__0a21dadb954130c9a6f4d81bce097c2d
wholefoods headquarters,Whole Foods headquarters,"d71e902f67e79b2f1e56c393f7c5f41f,32ec5fc746a720416749e18927068772",DiplomaticFacilities,Whole Foods headquarters,,Corp_Infra_Mention,0a21dadb954130c9a6f4d81bce097c2d,Corp_Infra_Mention__0a21dadb954130c9a6f4d81bce097c2d
cvs office,CVS office,480b1d303f9e1e9b2d443e70ac8d14b3,AAEntity,CVS office,,Corp_Infra_Mention,617ffbf9d923bbd6454d0a70cb9cad4e,Corp_Infra_Mention__617ffbf9d923bbd6454d0a70cb9cad4e
wal mart office,Walmart office,343b1f841f2758ce00d11e5b07c3a2e9,space,Walmart office,,Corp_Infra_Mention,26efbc201c48a75d7e681a7c276cb996,Corp_Infra_Mention__26efbc201c48a75d7e681a7c276cb996
walmart office,Walmart office,343b1f841f2758ce00d11e5b07c3a2e9,Organization,Walmart office,,Corp_Infra_Mention,26efbc201c48a75d7e681a7c276cb996,Corp_Infra_Mention__26efbc201c48a75d7e681a7c276cb996
whole foods office,Whole Foods office,"d71e902f67e79b2f1e56c393f7c5f41f,32ec5fc746a720416749e18927068772",ForeignMinister,Whole Foods office,,Corp_Infra_Mention,ffd159c429f54af572332e4580289ee3,Corp_Infra_Mention__ffd159c429f54af572332e4580289ee3
wholefoods office,Whole Foods office,"d71e902f67e79b2f1e56c393f7c5f41f,32ec5fc746a720416749e18927068772",Legislator,Whole Foods office,,Corp_Infra_Mention,ffd159c429f54af572332e4580289ee3,Corp_Infra_Mention__ffd159c429f54af572332e4580289ee3
cvs offices,CVS offices,480b1d303f9e1e9b2d443e70ac8d14b3,Shipping,CVS offices,,Corp_Infra_Mention,317896c83b413c012c1e8bf8b6f3ce05,Corp_Infra_Mention__317896c83b413c012c1e8bf8b6f3ce05
wal mart offices,Walmart offices,343b1f841f2758ce00d11e5b07c3a2e9,Organization,Walmart offices,,Corp_Infra_Mention,7884b51c4dea0b7cd229dbe19bfcf7cf,Corp_Infra_Mention__7884b51c4dea0b7cd229dbe19bfcf7cf
walmart offices,Walmart offices,343b1f841f2758ce00d11e5b07c3a2e9,Legislator,Walmart offices,,Corp_Infra_Mention,7884b51c4dea0b7cd229dbe19bfcf7cf,Corp_Infra_Mention__7884b51c4dea0b7cd229dbe19bfcf7cf
whole foods offices,Whole Foods offices,"d71e902f67e79b2f1e56c393f7c5f41f,32ec5fc746a720416749e18927068772",ForeignMinistry,Whole Foods offices,,Corp_Infra_Mention,c60aaf364275e8591d68e143bdbc4143,Corp_Infra_Mention__c60aaf364275e8591d68e143bdbc4143
wholefoods offices,Whole Foods offices,"d71e902f67e79b2f1e56c393f7c5f41f,32ec5fc746a720416749e18927068772",Keyphrase,Whole Foods offices,,Corp_Infra_Mention,c60aaf364275e8591d68e143bdbc4143,Corp_Infra_Mention__c60aaf364275e8591d68e143bdbc4143
cvs van,CVS van,480b1d303f9e1e9b2d443e70ac8d14b3,Organization,CVS van,,Corp_Infra_Mention,176923e57508d95058572414db15b848,Corp_Infra_Mention__176923e57508d95058572414db15b848
wal mart van,Walmart van,343b1f841f2758ce00d11e5b07c3a2e9,Shipping,Walmart van,,Corp_Infra_Mention,56d28962e9b1aeefcae717942809632f,Corp_Infra_Mention__56d28962e9b1aeefcae717942809632f
walmart van,Walmart van,343b1f841f2758ce00d11e5b07c3a2e9,Media,Walmart van,,Corp_Infra_Mention,56d28962e9b1aeefcae717942809632f,Corp_Infra_Mention__56d28962e9b1aeefcae717942809632f
whole foods van,Whole Foods van,"d71e902f67e79b2f1e56c393f7c5f41f,32ec5fc746a720416749e18927068772",Pipeline,Whole Foods van,,Corp_Infra_Mention,d45b19d0debf5d839e8205e4e5fa8f8d,Corp_Infra_Mention__d45b19d0debf5d839e8205e4e5fa8f8d
wholefoods van,Whole Foods van,"d71e902f67e79b2f1e56c393f7c5f41f,32ec5fc746a720416749e18927068772",Organization,Whole Foods van,,Corp_Infra_Mention,d45b19d0debf5d839e8205e4e5fa8f8d,Corp_Infra_Mention__d45b19d0debf5d839e8205e4e5fa8f8d
cvs center,CVS center,480b1d303f9e1e9b2d443e70ac8d14b3,FTO,CVS center,,Corp_Infra_Mention,139050c232e34fc6042ac29668039655,Corp_Infra_Mention__139050c232e34fc6042ac29668039655
wal mart center,Walmart center,343b1f841f2758ce00d11e5b07c3a2e9,Exec,Walmart center,,Corp_Infra_Mention,04698d311636bdc135b6b2776fcb0a46,Corp_Infra_Mention__04698d311636bdc135b6b2776fcb0a46
walmart center,Walmart center,343b1f841f2758ce00d11e5b07c3a2e9,AAEntity,Walmart center,,Corp_Infra_Mention,04698d311636bdc135b6b2776fcb0a46,Corp_Infra_Mention__04698d311636bdc135b6b2776fcb0a46
whole foods center,Whole Foods center,"d71e902f67e79b2f1e56c393f7c5f41f,32ec5fc746a720416749e18927068772",ForeignMinistry,Whole Foods center,,Corp_Infra_Mention,4ad4df5743657c9de1b6b75ab32f0f35,Corp_Infra_Mention__4ad4df5743657c9de1b6b75ab32f0f35
wholefoods center,Whole Foods center,"d71e902f67e79b2f1e56c393f7c5f41f,32ec5fc746a720416749e18927068772",Consulates,Whole Foods center,,Corp_Infra_Mention,4ad4df5743657c9de1b6b75ab32f0f35,Corp_Infra_Mention__4ad4df5743657c9de1b6b75ab32f0f35
cvs distribution center,CVS distribution center,480b1d303f9e1e9b2d443e70ac8d14b3,space,CVS distribution center,,Corp_Infra_Mention,cba170d483119f9f8ec8dcc8842412cd,Corp_Infra_Mention__cba170d483119f9f8ec8dcc8842412cd
wal mart distribution center,Walmart distribution center,343b1f841f2758ce00d11e5b07c3a2e9,ForeignMinistry,Walmart distribution center,,Corp_Infra_Mention,d716cb976fcb6b28277b44b1d491e0cb,Corp_Infra_Mention__d716cb976fcb6b28277b44b1d491e0cb
walmart distribution center,Walmart distribution center,343b1f841f2758ce00d11e5b07c3a2e9,Pipeline,Walmart distribution center,,Corp_Infra_Mention,d716cb976fcb6b28277b44b1d491e0cb,Corp_Infra_Mention__d716cb976fcb6b28277b44b1d491e0cb
whole foods distribution center,Whole Foods distribution center,"d71e902f67e79b2f1e56c393f7c5f41f,32ec5fc746a720416749e18927068772",Shipping,Whole Foods distribution center,,Corp_Infra_Mention,92190b57ba71e6f550c752ed4ddc28f9,Corp_Infra_Mention__92190b57ba71e6f550c752ed4ddc28f9
wholefoods distribution center,Whole Foods distribution center,"d71e902f67e79b2f1e56c393f7c5f41f,32ec5fc746a720416749e18927068772",Diplomat,Whole Foods distribution center,,Corp_Infra_Mention,92190b57ba71e6f550c752ed4ddc28f9,Corp_Infra_Mention__92190b57ba71e6f550c752ed4ddc28f9
cvs truck,CVS truck,480b1d303f9e1e9b2d443e70ac8d14b3,Media,CVS truck,,Corp_Infra_Mention,55e664b73a42be014c24adb29a9336c8,Corp_Infra_Mention__55e664b73a42be014c24adb29a9336c8
wal mart truck,Walmart truck,343b1f841f2758ce00d11e5b07c3a2e9,Consulates,Walmart truck,,Corp_Infra_Mention,8ff65ddcf90bff2a51177f3628e7050e,Corp_Infra_Mention__8ff65ddcf90bff2a51177f3628e7050e
walmart truck,Walmart truck,343b1f841f2758ce00d11e5b07c3a2e9,Consulates,Walmart truck,,Corp_Infra_Mention,8ff65ddcf90bff2a51177f3628e7050e,Corp_Infra_Mention__8ff65ddcf90bff2a51177f3628e7050e
whole foods truck,Whole Foods truck,"d71e902f67e79b2f1e56c393f7c5f41f,32ec5fc746a720416749e18927068772",Exec,Whole Foods truck,,Corp_Infra_Mention,f8dff9ca629da948315484c0cd8846a8,Corp_Infra_Mention__f8dff9ca629da948315484c0cd8846a8
wholefoods truck,Whole Foods truck,"d71e902f67e79b2f1e56c393f7c5f41f,32ec5fc746a720416749e18927068772",CompanyKeyword,Whole Foods truck,,Corp_Infra_Mention,f8dff9ca629da948315484c0cd8846a8,Corp_Infra_Mention__f8dff9ca629da948315484c0cd8846a8
cvs trucks,CVS trucks,480b1d303f9e1e9b2d443e70ac8d14b3,Diplomat,CVS trucks,,Corp_Infra_Mention,024627b847f9f1003ef9f0422ee87a22,Corp_Infra_Mention__024627b847f9f1003ef9f0422ee87a22
wal mart trucks,Walmart trucks,343b1f841f2758ce00d11e5b07c3a2e9,ForeignMinister,Walmart trucks,,Corp_Infra_Mention,520fa22a75a38e503a18f98eab68cd0e,Corp_Infra_Mention__520fa22a75a38e503a18f98eab68cd0e
walmart trucks,Walmart trucks,343b1f841f2758ce00d11e5b07c3a2e9,Media,Walmart trucks,,Corp_Infra_Mention,520fa22a75a38e503a18f98eab68cd0e,Corp_Infra_Mention__520fa22a75a38e503a18f98eab68cd0e
whole foods trucks,Whole Foods trucks,"d71e902f67e79b2f1e56c393f7c5f41f,32ec5fc746a720416749e18927068772",Diplomat,Whole Foods trucks,,Corp_Infra_Mention,af8c9db85177dab761576cf874101191,Corp_Infra_Mention__af8c9db85177dab761576cf874101191
wholefoods trucks,Whole Foods trucks,"d71e902f67e79b2f1e56c393f7c5f41f,32ec5fc746a720416749e18927068772",IndustryTerm,Whole Foods trucks,,Corp_Infra_Mention,af8c9db85177dab761576cf874101191,Corp_Infra_Mention__af8c9db85177dab761576cf874101191
cvs facility,CVS facility,480b1d303f9e1e9b2d443e70ac8d14b3,Diplomat,CVS facility,,Corp_Infra_Mention,df780035247a275ab905197d456182df,Corp_Infra_Mention__df780035247a275ab905197d456182df
wal mart facility,Walmart facility,343b1f841f2758ce00d11e5b07c3a2e9,ForeignMinistry,Walmart facility,,Corp_Infra_Mention,30d9fbf7ce0fbd6db2eafd7748ff2d9c,Corp_Infra_Mention__30d9fbf7ce0fbd6db2eafd7748ff2d9c
walmart facility,Walmart facility,343b1f841f2758ce00d11e5b07c3a2e9,AAEntity,Walmart facility,,Corp_Infra_Mention,30d9fbf7ce0fbd6db2eafd7748ff2d9c,Corp_Infra_Mention__30d9fbf7ce0fbd6db2eafd7748ff2d9c
whole foods facility,Whole Foods facility,"d71e902f67e79b2f1e56c393f7c5f41f,32ec5fc746a720416749e18927068772",AAEntity,Whole Foods facility,,Corp_Infra_Mention,1045120c5329aa29c0c9701324a3461d,Corp_Infra_Mention__1045120c5329aa29c0c9701324a3461d
wholefoods facility,Whole Foods facility,"d71e902f67e79b2f1e56c393f7c5f41f,32ec5fc746a720416749e18927068772",Wells,Whole Foods facility,,Corp_Infra_Mention,1045120c5329aa29c0c9701324a3461d,Corp_Infra_Mention__1045120c5329aa29c0c9701324a3461d
cvs facilities,CVS facilities,480b1d303f9e1e9b2d443e70ac8d14b3,IndustryTerm,CVS facilities,,Corp_Infra_Mention,6cafbd08c4daf3d7d592a49f0252e34e,Corp_Infra_Mention__6cafbd08c4daf3d7d592a49f0252e34e
wal mart facilities,Walmart facilities,343b1f841f2758ce00d11e5b07c3a2e9,DiplomaticFacilities,Walmart facilities,,Corp_Infra_Mention,931075832d54b224f1e74c08f1fa7e31,Corp_Infra_Mention__931075832d54b224f1e74c08f1fa7e31
walmart facilities,Walmart facilities,343b1f841f2758ce00d11e5b07c3a2e9,Media,Walmart facilities,,Corp_Infra_Mention,931075832d54b224f1e74c08f1fa7e31,Corp_Infra_Mention__931075832d54b224f1e74c08f1fa7e31
whole foods facilities,Whole Foods facilities,"d71e902f67e79b2f1e56c393f7c5f41f,32ec5fc746a720416749e18927068772",space,Whole Foods facilities,,Corp_Infra_Mention,09efe9e6fc5c03ed481d95b869d71e78,Corp_Infra_Mention__09efe9e6fc5c03ed481d95b869d71e78
wholefoods facilities,Whole Foods facilities,"d71e902f67e79b2f1e56c393f7c5f41f,32ec5fc746a720416749e18927068772",Media,Whole Foods facilities,,Corp_Infra_Mention,09efe9e6fc5c03ed481d95b869d71e78,Corp_Infra_Mention__09efe9e6fc5c03ed481d95b869d71e78
cvs manufacturing,CVS manufacturing,480b1d303f9e1e9b2d443e70ac8d14b3,Consulates,CVS manufacturing,,Corp_Infra_Mention,39bb0430d5efe56cb2eebe308e49cdfc,Corp_Infra_Mention__39bb0430d5efe56cb2eebe308e49cdfc
wal mart manufacturing,Walmart manufacturing,343b1f841f2758ce00d11e5b07c3a2e9,Media,Walmart manufacturing,,Corp_Infra_Mention,828964460c36450eb2b6ac557939e829,Corp_Infra_Mention__828964460c36450eb2b6ac557939e829
walmart manufacturing,Walmart manufacturing,343b1f841f2758ce00d11e5b07c3a2e9,ForeignMinistry,Walmart manufacturing,,Corp_Infra_Mention,828964460c36450eb2b6ac557939e829,Corp_Infra_Mention__828964460c36450eb2b6ac557939e829
whole foods manufacturing,Whole Foods manufacturing,"d71e902f67e79b2f1e56c393f7c5f41f,32ec5fc746a720416749e18927068772",Refinery,Whole Foods manufacturing,,Corp_Infra_Mention,9dfacee5645c05b952bdb37abfd11c37,Corp_Infra_Mention__9dfacee5645c05b952bdb37abfd11c37
wholefoods manufacturing,Whole Foods manufacturing,"d71e902f67e79b2f1e56c393f7c5f41f,32ec5fc746a720416749e18927068772",DiplomaticFacilities,Whole Foods manufacturing,,Corp_Infra_Mention,9dfacee5645c05b952bdb37abfd11c37,Corp_Infra_Mention__9dfacee5645c05b952bdb37abfd11c37
cvs production,CVS production,480b1d303f9e1e9b2d443e70ac8d14b3,AAEntity,CVS production,,Corp_Infra_Mention,321d31bbc2bfc8ed3c5e722245ae0700,Corp_Infra_Mention__321d31bbc2bfc8ed3c5e722245ae0700
wal mart production,Walmart production,343b1f841f2758ce00d11e5b07c3a2e9,Refinery,Walmart production,,Corp_Infra_Mention,510e6a5d171ac2c6f485692361a05eb7,Corp_Infra_Mention__510e6a5d171ac2c6f485692361a05eb7
walmart production,Walmart production,343b1f841f2758ce00d11e5b07c3a2e9,AAEntity,Walmart production,,Corp_Infra_Mention,510e6a5d171ac2c6f485692361a05eb7,Corp_Infra_Mention__510e6a5d171ac2c6f485692361a05eb7
whole foods production,Whole Foods production,"d71e902f67e79b2f1e56c393f7c5f41f,32ec5fc746a720416749e18927068772",LegislativeCommittee,Whole Foods production,,Corp_Infra_Mention,e8fcf4a2e4889d67fea13066d60fbd19,Corp_Infra_Mention__e8fcf4a2e4889d67fea13066d60fbd19
wholefoods production,Whole Foods production,"d71e902f67e79b2f1e56c393f7c5f41f,32ec5fc746a720416749e18927068772",Wells,Whole Foods production,,Corp_Infra_Mention,e8fcf4a2e4889d67fea13066d60fbd19,Corp_Infra_Mention__e8fcf4a2e4889d67fea13066d60fbd19
cvs processing,CVS processing,480b1d303f9e1e9b2d443e70ac8d14b3,Pipeline,CVS processing,,Corp_Infra_Mention,9005287f0ee0a9dc675dbb5ddfaa2f9d,Corp_Infra_Mention__9005287f0ee0a9dc675dbb5ddfaa2f9d
wal mart processing,Walmart processing,343b1f841f2758ce00d11e5b07c3a2e9,CompanyKeyword,Walmart processing,,Corp_Infra_Mention,c5c0aa8b7f56790423979a3acc00308f,Corp_Infra_Mention__c5c0aa8b7f56790423979a3acc00308f
walmart processing,Walmart processing,343b1f841f2758ce00d11e5b07c3a2e9,Exec,Walmart processing,,Corp_Infra_Mention,c5c0aa8b7f56790423979a3acc00308f,Corp_Infra_Mention__c5c0aa8b7f56790423979a3acc00308f
whole foods processing,Whole Foods processing,"d71e902f67e79b2f1e56c393f7c5f41f,32ec5fc746a720416749e18927068772",Legislator,Whole Foods processing,,Corp_Infra_Mention,5e62b7455643bd676f760da358063462,Corp_Infra_Mention__5e62b7455643bd676f760da358063462
wholefoods processing,Whole Foods processing,"d71e902f67e79b2f1e56c393f7c5f41f,32ec5fc746a720416749e18927068772",ForeignMinistry,Whole Foods processing,,Corp_Infra_Mention,5e62b7455643bd676f760da358063462,Corp_Infra_Mention__5e62b7455643bd676f760da358063462
cvs drilling,CVS drilling,480b1d303f9e1e9b2d443e70ac8d14b3,CompanyKeyword,CVS drilling,,Corp_Infra_Mention,f6a7b74537ce6307ebca8ae0c680c1b7,Corp_Infra_Mention__f6a7b74537ce6307ebca8ae0c680c1b7
wal mart drilling,Walmart drilling,343b1f841f2758ce00d11e5b07c3a2e9,IndustryTerm,Walmart drilling,,Corp_Infra_Mention,407916411e8b0bcbf6f9e9e345de9f36,Corp_Infra_Mention__407916411e8b0bcbf6f9e9e345de9f36
walmart drilling,Walmart drilling,343b1f841f2758ce00d11e5b07c3a2e9,Diplomat,Walmart drilling,,Corp_Infra_Mention,407916411e8b0bcbf6f9e9e345de9f36,Corp_Infra_Mention__407916411e8b0bcbf6f9e9e345de9f36
whole foods drilling,Whole Foods drilling,"d71e902f67e79b2f1e56c393f7c5f41f,32ec5fc746a720416749e18927068772",Legislator,Whole Foods drilling,,Corp_Infra_Mention,4a89a731d41bf34464cf3f69ed613ff6,Corp_Infra_Mention__4a89a731d41bf34464cf3f69ed613ff6
wholefoods drilling,Whole Foods drilling,"d71e902f67e79b2f1e56c393f7c5f41f,32ec5fc746a720416749e18927068772",LegislativeCommittee,Whole Foods drilling,,Corp_Infra_Mention,4a89a731d41bf34464cf3f69ed613ff6,Corp_Infra_Mention__4a89a731d41bf34464cf3f69ed613ff6
cvs gas station,CVS gas station,480b1d303f9e1e9b2d443e70ac8d14b3,Media,CVS gas station,,Corp_Infra_Mention,55b48c118793a9c57da4ef4829eb8706,Corp_Infra_Mention__55b48c118793a9c57da4ef4829eb8706
wal mart gas station,Walmart gas station,343b1f841f2758ce00d11e5b07c3a2e9,DiplomaticFacilities,Walmart gas station,,Corp_Infra_Mention,4142baf9a5cf1d15ae14d558b981c919,Corp_Infra_Mention__4142baf9a5cf1d15ae14d558b981c919
walmart gas station,Walmart gas station,343b1f841f2758ce00d11e5b07c3a2e9,FTO,Walmart gas station,,Corp_Infra_Mention,4142baf9a5cf1d15ae14d558b981c919,Corp_Infra_Mention__4142baf9a5cf1d15ae14d558b981c919
whole foods gas station,Whole Foods gas station,"d71e902f67e79b2f1e56c393f7c5f41f,32ec5fc746a720416749e18927068772",ForeignMinister,Whole Foods gas station,,Corp_Infra_Mention,245e36b86408118b13843d729b963618,Corp_Infra_Mention__245e36b86408118b13843d729b963618
wholefoods gas station,Whole Foods gas station,"d71e902f67e79b2f1e56c393f7c5f41f,32ec5fc746a720416749e18927068772",LegislativeCommittee,Whole Foods gas station,,Corp_Infra_Mention,245e36b86408118b13843d729b963618,Corp_Infra_Mention__245e36b86408118b13843d729b963618
cvs petrol station,CVS petrol station,480b1d303f9e1e9b2d443e70ac8d14b3,Exec,CVS petrol station,,Corp_Infra_Mention,60e67f7d66ba2eaee2d1ce8fd4b6dd8c,Corp_Infra_Mention__60e67f7d66ba2eaee2d1ce8fd4b6dd8c
wal mart petrol station,Walmart petrol station,343b1f841f2758ce00d11e5b07c3a2e9,space,Walmart petrol station,,Corp_Infra_Mention,200612232866bbd97a808586af54186f,Corp_Infra_Mention__200612232866bbd97a808586af54186f
walmart petrol station,Walmart petrol station,343b1f841f2758ce00d11e5b07c3a2e9,DiplomaticFacilities,Walmart petrol station,,Corp_Infra_Mention,200612232866bbd97a808586af54186f,Corp_Infra_Mention__200612232866bbd97a808586af54186f
whole foods petrol station,Whole Foods petrol station,"d71e902f67e79b2f1e56c393f7c5f41f,32ec5fc746a720416749e18927068772",Organization,Whole Foods petrol station,,Corp_Infra_Mention,85f7e7dc44656ce144a23e9b7a0455ca,Corp_Infra_Mention__85f7e7dc44656ce144a23e9b7a0455ca
wholefoods petrol station,Whole Foods petrol station,"d71e902f67e79b2f1e56c393f7c5f41f,32ec5fc746a720416749e18927068772",Shipping,Whole Foods petrol station,,Corp_Infra_Mention,85f7e7dc44656ce144a23e9b7a0455ca,Corp_Infra_Mention__85f7e7dc44656ce144a23e9b7a0455ca
cvs packaging center,CVS packaging center,480b1d303f9e1e9b2d443e70ac8d14b3,Keyphrase,CVS packaging center,,Corp_Infra_Mention,10c0b9cfd71ec15564669c0412036f8c,Corp_Infra_Mention__10c0b9cfd71ec15564669c0412036f8c
wal mart packaging center,Walmart packaging center,343b1f841f2758ce00d11e5b07c3a2e9,space,Walmart packaging center,,Corp_Infra_Mention,517eeae561fb85225ea8559db03fb778,Corp_Infra_Mention__517eeae561fb85225ea8559db03fb778
walmart packaging center,Walmart packaging center,343b1f841f2758ce00d11e5b07c3a2e9,Organization,Walmart packaging center,,Corp_Infra_Mention,517eeae561fb85225ea8559db03fb778,Corp_Infra_Mention__517eeae561fb85225ea8559db03fb778
whole foods packaging center,Whole Foods packaging center,"d71e902f67e79b2f1e56c393f7c5f41f,32ec5fc746a720416749e18927068772",DiplomaticFacilities,Whole Foods packaging center,,Corp_Infra_Mention,9033ec7b0a4452acb2d7a55f0c94b9b9,Corp_Infra_Mention__9033ec7b0a4452acb2d7a55f0c94b9b9
wholefoods packaging center,Whole Foods packaging center,"d71e902f67e79b2f1e56c393f7c5f41f,32ec5fc746a720416749e18927068772",IndustryTerm,Whole Foods packaging center,,Corp_Infra_Mention,9033ec7b0a4452acb2d7a55f0c94b9b9,Corp_Infra_Mention__9033ec7b0a4452acb2d7a55f0c94b9b9
cvs packaging facility,CVS packaging facility,480b1d303f9e1e9b2d443e70ac8d14b3,IndustryTerm,CVS packaging facility,,Corp_Infra_Mention,cfec64683f5d308c3b239d4e0ec05966,Corp_Infra_Mention__cfec64683f5d308c3b239d4e0ec05966
wal mart packaging facility,Walmart packaging facility,343b1f841f2758ce00d11e5b07c3a2e9,News,Walmart packaging facility,,Corp_Infra_Mention,bbc7c09f292642c5914a70e6a06d86dc,Corp_Infra_Mention__bbc7c09f292642c5914a70e6a06d86dc
walmart packaging facility,Walmart packaging facility,343b1f841f2758ce00d11e5b07c3a2e9,DiplomaticFacilities,Walmart packaging facility,,Corp_Infra_Mention,bbc7c09f292642c5914a70e6a06d86dc,Corp_Infra_Mention__bbc7c09f292642c5914a70e6a06d86dc
whole foods packaging facility,Whole Foods packaging facility,"d71e902f67e79b2f1e56c393f7c5f41f,32ec5fc746a720416749e18927068772",Legislator,Whole Foods packaging facility,,Corp_Infra_Mention,204bc452669c314bd77bb46a08cceeb6,Corp_Infra_Mention__204bc452669c314bd77bb46a08cceeb6
wholefoods packaging facility,Whole Foods packaging facility,"d71e902f67e79b2f1e56c393f7c5f41f,32ec5fc746a720416749e18927068772",Keyphrase,Whole Foods packaging facility,,Corp_Infra_Mention,204bc452669c314bd77bb46a08cceeb6,Corp_Infra_Mention__204bc452669c314bd77bb46a08cceeb6
cvs delivery,CVS delivery,480b1d303f9e1e9b2d443e70ac8d14b3,News,CVS delivery,,Corp_Infra_Mention,317979a43adb870d12b4a1ad154aae73,Corp_Infra_Mention__317979a43adb870d12b4a1ad154aae73
wal mart delivery,Walmart delivery,343b1f841f2758ce00d11e5b07c3a2e9,Legislator,Walmart delivery,,Corp_Infra_Mention,d53084c73e97de7ed7b7dc3b3cbbae97,Corp_Infra_Mention__d53084c73e97de7ed7b7dc3b3cbbae97
walmart delivery,Walmart delivery,343b1f841f2758ce00d11e5b07c3a2e9,IndustryTerm,Walmart delivery,,Corp_Infra_Mention,d53084c73e97de7ed7b7dc3b3cbbae97,Corp_Infra_Mention__d53084c73e97de7ed7b7dc3b3cbbae97
whole foods delivery,Whole Foods delivery,"d71e902f67e79b2f1e56c393f7c5f41f,32ec5fc746a720416749e18927068772",ForeignMinister,Whole Foods delivery,,Corp_Infra_Mention,8cb345b7313ef9d66ab2450d8cb30619,Corp_Infra_Mention__8cb345b7313ef9d66ab2450d8cb30619
wholefoods delivery,Whole Foods delivery,"d71e902f67e79b2f1e56c393f7c5f41f,32ec5fc746a720416749e18927068772",Media,Whole Foods delivery,,Corp_Infra_Mention,8cb345b7313ef9d66ab2450d8cb30619,Corp_Infra_Mention__8cb345b7313ef9d66ab2450d8cb30619
cvs compound,CVS compound,480b1d303f9e1e9b2d443e70ac8d14b3,FTO,CVS compound,,Corp_Infra_Mention,a1379e163ad47c7cc8acb1ebc512262d,Corp_Infra_Mention__a1379e163ad47c7cc8acb1ebc512262d
wal mart compound,Walmart compound,343b1f841f2758ce00d11e5b07c3a2e9,space,Walmart compound,,Corp_Infra_Mention,686b0c65040ce3bc553a10dc55ae09c9,Corp_Infra_Mention__686b0c65040ce3bc553a10dc55ae09c9
walmart compound,Walmart compound,343b1f841f2758ce00d11e5b07c3a2e9,IndustryTerm,Walmart compound,,Corp_Infra_Mention,686b0c65040ce3bc553a10dc55ae09c9,Corp_Infra_Mention__686b0c65040ce3bc553a10dc55ae09c9
whole foods compound,Whole Foods compound,"d71e902f67e79b2f1e56c393f7c5f41f,32ec5fc746a720416749e18927068772",Wells,Whole Foods compound,,Corp_Infra_Mention,6ac163036c30f1bb772fe8a65101a062,Corp_Infra_Mention__6ac163036c30f1bb772fe8a65101a062
wholefoods compound,Whole Foods compound,"d71e902f67e79b2f1e56c393f7c5f41f,32ec5fc746a720416749e18927068772",Diplomat,Whole Foods compound,,Corp_Infra_Mention,6ac163036c30f1bb772fe8a65101a062,Corp_Infra_Mention__6ac163036c30f1bb772fe8a65101a062
cvs fulfillment center,CVS fulfillment center,480b1d303f9e1e9b2d443e70ac8d14b3,Shipping,CVS fulfillment center,,Corp_Infra_Mention,6c95e8aa47aa4a7476acbb8b86cc6ee1,Corp_Infra_Mention__6c95e8aa47aa4a7476acbb8b86cc6ee1
wal mart fulfillment center,Walmart fulfillment center,343b1f841f2758ce00d11e5b07c3a2e9,CompanyKeyword,Walmart fulfillment center,,Corp_Infra_Mention,1abef5dd2b01ad56ee11c425b99108a7,Corp_Infra_Mention__1abef5dd2b01ad56ee11c425b99108a7
walmart fulfillment center,Walmart fulfillment center,343b1f841f2758ce00d11e5b07c3a2e9,CompanyKeyword,Walmart fulfillment center,,Corp_Infra_Mention,1abef5dd2b01ad56ee11c425b99108a7,Corp_Infra_Mention__1abef5dd2b01ad56ee11c425b99108a7
whole foods fulfillment center,Whole Foods fulfillment center,"d71e902f67e79b2f1e56c393f7c5f41f,32ec5fc746a720416749e18927068772",FTO,Whole Foods fulfillment center,,Corp_Infra_Mention,4e770cbcffc55c2860a1db304f58c887,Corp_Infra_Mention__4e770cbcffc55c2860a1db304f58c887
wholefoods fulfillment center,Whole Foods fulfillment center,"d71e902f67e79b2f1e56c393f7c5f41f,32ec5fc746a720416749e18927068772",Keyphrase,Whole Foods fulfillment center,,Corp_Infra_Mention,4e770cbcffc55c2860a1db304f58c887,Corp_Infra_Mention__4e770cbcffc55c2860a1db304f58c887
cvs refinery,CVS refinery,480b1d303f9e1e9b2d443e70ac8d14b3,Exec,CVS refinery,,Corp_Infra_Mention,6f726c0a86d2f5957a703af39235b0fc,Corp_Infra_Mention__6f726c0a86d2f5957a703af39235b0fc
wal mart refinery,Walmart refinery,343b1f841f2758ce00d11e5b07c3a2e9,Organization,Walmart refinery,,Corp_Infra_Mention,b1b168fad0577c8998aa51bcab8b1838,Corp_Infra_Mention__b1b168fad0577c8998aa51bcab8b1838
walmart refinery,Walmart refinery,343b1f841f2758ce00d11e5b07c3a2e9,News,Walmart refinery,,Corp_Infra_Mention,b1b168fad0577c8998aa51bcab8b1838,Corp_Infra_Mention__b1b168fad0577c8998aa51bcab8b1838
whole foods refinery,Whole Foods refinery,"d71e902f67e79b2f1e56c393f7c5f41f,32ec5fc746a720416749e18927068772",Refinery,Whole Foods refinery,,Corp_Infra_Mention,a49fbf6d8e40adc84bc101483382e7e0,Corp_Infra_Mention__a49fbf6d8e40adc84bc101483382e7e0
wholefoods refinery,Whole Foods refinery,"d71e902f67e79b2f1e56c393f7c5f41f,32ec5fc746a720416749e18927068772",ForeignMinister,Whole Foods refinery,,Corp_Infra_Mention,a49fbf6d8e40adc84bc101483382e7e0,Corp_Infra_Mention__a49fbf6d8e40adc84bc101483382e7e0
cvs parking lot,CVS parking lot,480b1d303f9e1e9b2d443e70ac8d14b3,AAEntity,CVS parking lot,,Corp_Infra_Mention,7bee2d5d5ea0b9dfacdf3d6f92f50aaa,Corp_Infra_Mention__7bee2d5d5ea0b9dfacdf3d6f92f50aaa
wal mart parking lot,Walmart parking lot,343b1f841f2758ce00d11e5b07c3a2e9,FTO,Walmart parking lot,,Corp_Infra_Mention,2e3971f6795b9a8723200ff87d957629,Corp_Infra_Mention__2e3971f6795b9a8723200ff87d957629
walmart parking lot,Walmart parking lot,343b1f841f2758ce00d11e5b07c3a2e9,Person,Walmart parking lot,,Corp_Infra_Mention,2e3971f6795b9a8723200ff87d957629,Corp_Infra_Mention__2e3971f6795b9a8723200ff87d957629
whole foods parking lot,Whole Foods parking lot,"d71e902f67e79b2f1e56c393f7c5f41f,32ec5fc746a720416749e18927068772",Consulates,Whole Foods parking lot,,Corp_Infra_Mention,788b8f71d0ef59e0d4345fcf2b975aeb,Corp_Infra_Mention__788b8f71d0ef59e0d4345fcf2b975aeb
wholefoods parking lot,Whole Foods parking lot,"d71e902f67e79b2f1e56c393f7c5f41f,32ec5fc746a720416749e18927068772",AAEntity,Whole Foods parking lot,,Corp_Infra_Mention,788b8f71d0ef59e0d4345fcf2b975aeb,Corp_Infra_Mention__788b8f71d0ef59e0d4345fcf2b975aeb
pnc bank factory,PNC Bank factory,c897bccc1fc1b783c12539bccd3fdbeb,Keyphrase,PNC Bank factory,,Corp_Infra_Mention,a9c9605ac7780ba61608dbadac290969,Corp_Infra_Mention__a9c9605ac7780ba61608dbadac290969
jpmorgan factory,JPMorgan factory,966191f75ef9ac701462a3d71cb0811c,space,JPMorgan factory,,Corp_Infra_Mention,f2dd6d110451f8b7d3cb306acd2a1ca0,Corp_Infra_Mention__f2dd6d110451f8b7d3cb306acd2a1ca0
chase bank factory,Chase Bank factory,966191f75ef9ac701462a3d71cb0811c,Legislator,Chase Bank factory,,Corp_Infra_Mention,622137ccc1422ac899ae3c1c96c7bcbf,Corp_Infra_Mention__622137ccc1422ac899ae3c1c96c7bcbf
westpac factory,Westpac factory,66f3f385b2f3bf76d89d2eaeba5e300c,Refinery,Westpac factory,,Corp_Infra_Mention,0785762b8c4f31a83449e47452d13605,Corp_Infra_Mention__0785762b8c4f31a83449e47452d13605
pnc bank plant,PNC Bank plant,c897bccc1fc1b783c12539bccd3fdbeb,AAEntity,PNC Bank plant,,Corp_Infra_Mention,22bebaa7415d898f720a737330391589,Corp_Infra_Mention__22bebaa7415d898f720a737330391589
jpmorgan plant,JPMorgan plant,966191f75ef9ac701462a3d71cb0811c,ForeignMinister,JPMorgan plant,,Corp_Infra_Mention,c1da82f6f0449e02a2cf852c77663e9b,Corp_Infra_Mention__c1da82f6f0449e02a2cf852c77663e9b
chase bank plant,Chase Bank plant,966191f75ef9ac701462a3d71cb0811c,Organization,Chase Bank plant,,Corp_Infra_Mention,bfce74fd62e1a347b1b50bc5c24d2ba8,Corp_Infra_Mention__bfce74fd62e1a347b1b50bc5c24d2ba8
westpac plant,Westpac plant,66f3f385b2f3bf76d89d2eaeba5e300c,Exec,Westpac plant,,Corp_Infra_Mention,b24c2e973409e0707a90855e6d1750b5,Corp_Infra_Mention__b24c2e973409e0707a90855e6d1750b5
pnc bank store,PNC Bank store,c897bccc1fc1b783c12539bccd3fdbeb,Media,PNC Bank store,,Corp_Infra_Mention,b8039f3cd6dda6c96f2abe00fa92ef98,Corp_Infra_Mention__b8039f3cd6dda6c96f2abe00fa92ef98
jpmorgan store,JPMorgan store,966191f75ef9ac701462a3d71cb0811c,Pipeline,JPMorgan store,,Corp_Infra_Mention,28ee00380a691602771f4c997e634fe1,Corp_Infra_Mention__28ee00380a691602771f4c997e634fe1
chase bank store,Chase Bank store,966191f75ef9ac701462a3d71cb0811c,ForeignMinistry,Chase Bank store,,Corp_Infra_Mention,6bbe5268ccf96799410ac044946560d7,Corp_Infra_Mention__6bbe5268ccf96799410ac044946560d7
westpac store,Westpac store,66f3f385b2f3bf76d89d2eaeba5e300c,IndustryTerm,Westpac store,,Corp_Infra_Mention,f2df327a95b0511a0b5eb8bd71dd5f9a,Corp_Infra_Mention__f2df327a95b0511a0b5eb8bd71dd5f9a
pnc bank building,PNC Bank building,c897bccc1fc1b783c12539bccd3fdbeb,Wells,PNC Bank building,,Corp_Infra_Mention,6ed73c0b267ef1ec6f2441359fe1a1df,Corp_Infra_Mention__6ed73c0b267ef1ec6f2441359fe1a1df
jpmorgan building,JPMorgan building,966191f75ef9ac701462a3d71cb0811c,LegislativeCommittee,JPMorgan building,,Corp_Infra_Mention,5f79aed31ea4e4b67d252b8a19999970,Corp_Infra_Mention__5f79aed31ea4e4b67d252b8a19999970
chase bank building,Chase Bank building,966191f75ef9ac701462a3d71cb0811c,Refinery,Chase Bank building,,Corp_Infra_Mention,ea4d6793e5a55c56f600be401d57ee36,Corp_Infra_Mention__ea4d6793e5a55c56f600be401d57ee36
westpac building,Westpac building,66f3f385b2f3bf76d89d2eaeba5e300c,ForeignMinistry,Westpac building,,Corp_Infra_Mention,e7d9e655b22c39620765b27d0a4ab029,Corp_Infra_Mention__e7d9e655b22c39620765b27d0a4ab029
pnc bank warehouse,PNC Bank warehouse,c897bccc1fc1b783c12539bccd3fdbeb,Shipping,PNC Bank warehouse,,Corp_Infra_Mention,cc3ea47846a0db2f42c9051f04d9a39a,Corp_Infra_Mention__cc3ea47846a0db2f42c9051f04d9a39a
jpmorgan warehouse,JPMorgan warehouse,966191f75ef9ac701462a3d71cb0811c,Organization,JPMorgan warehouse,,Corp_Infra_Mention,3a682940e5be710c6a0c007bbfd6e708,Corp_Infra_Mention__3a682940e5be710c6a0c007bbfd6e708
chase bank warehouse,Chase Bank warehouse,966191f75ef9ac701462a3d71cb0811c,Keyphrase,Chase Bank warehouse,,Corp_Infra_Mention,2ae115e75c67a34f082a4aaa34eb04f0,Corp_Infra_Mention__2ae115e75c67a34f082a4aaa34eb04f0
westpac warehouse,Westpac warehouse,66f3f385b2f3bf76d89d2eaeba5e300c,FTO,Westpac warehouse,,Corp_Infra_Mention,e50fecd1aa7e818a78ab0f0c0c278fc9,Corp_Infra_Mention__e50fecd1aa7e818a78ab0f0c0c278fc9
pnc bank complex,PNC Bank complex,c897bccc1fc1b783c12539bccd3fdbeb,AAEntity,PNC Bank complex,,Corp_Infra_Mention,5804c451e6b0a6258a50b920398815d7,Corp_Infra_Mention__5804c451e6b0a6258a50b920398815d7
jpmorgan complex,JPMorgan complex,966191f75ef9ac701462a3d71cb0811c,Organization,JPMorgan complex,,Corp_Infra_Mention,fddd16c85cc5ff77178846447090352e,Corp_Infra_Mention__fddd16c85cc5ff77178846447090352e
chase bank complex,Chase Bank complex,966191f75ef9ac701462a3d71cb0811c,News,Chase Bank complex,,Corp_Infra_Mention,0866211227085f93d8d14e00dfba50ec,Corp_Infra_Mention__0866211227085f93d8d14e00dfba50ec
westpac complex,Westpac complex,66f3f385b2f3bf76d89d2eaeba5e300c,News,Westpac complex,,Corp_Infra_Mention,55a8206e07a9d945f777cb47beed2819,Corp_Infra_Mention__55a8206e07a9d945f777cb47beed2819
pnc bank campus,PNC Bank campus,c897bccc1fc1b783c12539bccd3fdbeb,Keyphrase,PNC Bank campus,,Corp_Infra_Mention,e0a7d97b06593018466249040442707c,Corp_Infra_Mention__e0a7d97b06593018466249040442707c
jpmorgan campus,JPMorgan campus,966191f75ef9ac701462a3d71cb0811c,Refinery,JPMorgan campus,,Corp_Infra_Mention,c42dbf66a3958d15457efe56e15a8fb7,Corp_Infra_Mention__c42dbf66a3958d15457efe56e15a8fb7
chase bank campus,Chase Bank campus,966191f75ef9ac701462a3d71cb0811c,Legislator,Chase Bank campus,,Corp_Infra_Mention,d0a0b8dfba12385503ddc6c152b8bc7b,Corp_Infra_Mention__d0a0b8dfba12385503ddc6c152b8bc7b
westpac campus,Westpac campus,66f3f385b2f3bf76d89d2eaeba5e300c,CompanyKeyword,Westpac campus,,Corp_Infra_Mention,4d19cff1e8b875b0faa8c59985cf2c86,Corp_Infra_Mention__4d19cff1e8b875b0faa8c59985cf2c86
pnc bank hq,PNC Bank headquarters,c897bccc1fc1b783c12539bccd3fdbeb,Person,PNC Bank headquarters,,Corp_Infra_Mention,5e7751a3d421b18e4b36f8db41e15d6e,Corp_Infra_Mention__5e7751a3d421b18e4b36f8db41e15d6e
jpmorgan hq,JPMorgan headquarters,966191f75ef9ac701462a3d71cb0811c,AAEntity,JPMorgan headquarters,,Corp_Infra_Mention,b7a45504e268406eb9b9383cceb79b36,Corp_Infra_Mention__b7a45504e268406eb9b9383cceb79b36
chase bank hq,Chase Bank headquarters,966191f75ef9ac701462a3d71cb0811c,Keyphrase,Chase Bank headquarters,,Corp_Infra_Mention,9c8d2ddcf680028ab62219c8f620c037,Corp_Infra_Mention__9c8d2ddcf680028ab62219c8f620c037
westpac hq,Westpac headquarters,66f3f385b2f3bf76d89d2eaeba5e300c,Consulates,Westpac headquarters,,Corp_Infra_Mention,fded2edcca9eadf856a58105a1cb6d13,Corp_Infra_Mention__fded2edcca9eadf856a58105a1cb6d13
pnc bank headquarters,PNC Bank headquarters,c897bccc1fc1b783c12539bccd3fdbeb,AAEntity,PNC Bank headquarters,,Corp_Infra_Mention,5e7751a3d421b18e4b36f8db41e15d6e,Corp_Infra_Mention__5e7751a3d421b18e4b36f8db41e15d6e
jpmorgan headquarters,JPMorgan headquarters,966191f75ef9ac701462a3d71cb0811c,Refinery,JPMorgan headquarters,,Corp_Infra_Mention,b7a45504e268406eb9b9383cceb79b36,Corp_Infra_Mention__b7a45504e268406eb9b9383cceb79b36
chase bank headquarters,Chase Bank headquarters,966191f75ef9ac701462a3d71cb0811c,FTO,Chase Bank headquarters,,Corp_Infra_Mention,9c8d2ddcf680028ab62219c8f620c037,Corp_Infra_Mention__9c8d2ddcf680028ab62219c8f620c037
westpac headquarters,Westpac headquarters,66f3f385b2f3bf76d89d2eaeba5e300c,space,Westpac headquarters,,Corp_Infra_Mention,fded2edcca9eadf856a58105a1cb6d13,Corp_Infra_Mention__fded2edcca9eadf856a58105a1cb6d13
pnc bank office,PNC Bank office,c897bccc1fc1b783c12539bccd3fdbeb,Refinery,PNC Bank office,,Corp_Infra_Mention,766f5fc5fd42aa717c345b0f1b9d2ce7,Corp_Infra_Mention__766f5fc5fd42aa717c345b0f1b9d2ce7
jpmorgan office,JPMorgan office,966191f75ef9ac701462a3d71cb0811c,Organization,JPMorgan office,,Corp_Infra_Mention,32bcf2d94e987752acbc90408cb24e5b,Corp_Infra_Mention__32bcf2d94e987752acbc90408cb24e5b
chase bank office,Chase Bank office,966191f75ef9ac701462a3d71cb0811c,Organization,Chase Bank office,,Corp_Infra_Mention,6585d7c5a9adf8fe21c0ed33a297aee4,Corp_Infra_Mention__6585d7c5a9adf8fe21c0ed33a297aee4
westpac office,Westpac office,66f3f385b2f3bf76d89d2eaeba5e300c,Exec,Westpac office,,Corp_Infra_Mention,f6f627abb72217c0911780bcd3061cca,Corp_Infra_Mention__f6f627abb72217c0911780bcd3061cca
pnc bank offices,PNC Bank offices,c897bccc1fc1b783c12539bccd3fdbeb,ForeignMinistry,PNC Bank offices,,Corp_Infra_Mention,f9a66a5ba11c4e8e92f989cc53701056,Corp_Infra_Mention__f9a66a5ba11c4e8e92f989cc53701056
jpmorgan offices,JPMorgan offices,966191f75ef9ac701462a3d71cb0811c,CompanyKeyword,JPMorgan offices,,Corp_Infra_Mention,d571515b6d8f160a220d6969d4b769f0,Corp_Infra_Mention__d571515b6d8f160a220d6969d4b769f0
chase bank offices,Chase Bank offices,966191f75ef9ac701462a3d71cb0811c,Refinery,Chase Bank offices,,Corp_Infra_Mention,4f79f6560516ca4d2fa8fa683bc29562,Corp_Infra_Mention__4f79f6560516ca4d2fa8fa683bc29562
westpac offices,Westpac offices,66f3f385b2f3bf76d89d2eaeba5e300c,Consulates,Westpac offices,,Corp_Infra_Mention,dff3d490226b24d7665b0a4dca429212,Corp_Infra_Mention__dff3d490226b24d7665b0a4dca429212
pnc bank van,PNC Bank van,c897bccc1fc1b783c12539bccd3fdbeb,Shipping,PNC Bank van,,Corp_Infra_Mention,a1ab4ebc51713794043b17ef29480554,Corp_Infra_Mention__a1ab4ebc51713794043b17ef29480554
jpmorgan van,JPMorgan van,966191f75ef9ac701462a3d71cb0811c,Organization,JPMorgan van,,Corp_Infra_Mention,9aec0103b97c8796a2925fea91c0ced5,Corp_Infra_Mention__9aec0103b97c8796a2925fea91c0ced5
chase bank van,Chase Bank van,966191f75ef9ac701462a3d71cb0811c,CompanyKeyword,Chase Bank van,,Corp_Infra_Mention,e509e12e0bb8d6c5deea8bae45526ac7,Corp_Infra_Mention__e509e12e0bb8d6c5deea8bae45526ac7
westpac van,Westpac van,66f3f385b2f3bf76d89d2eaeba5e300c,Consulates,Westpac van,,Corp_Infra_Mention,79923b869cbf5e0f322ba0eeeea18a19,Corp_Infra_Mention__79923b869cbf5e0f322ba0eeeea18a19
pnc bank center,PNC Bank center,c897bccc1fc1b783c12539bccd3fdbeb,Consulates,PNC Bank center,,Corp_Infra_Mention,9d11043b0cb43ced337021aa9cda3a5f,Corp_Infra_Mention__9d11043b0cb43ced337021aa9cda3a5f
jpmorgan center,JPMorgan center,966191f75ef9ac701462a3d71cb0811c,Refinery,JPMorgan center,,Corp_Infra_Mention,b8280958ff94ab0bf169e53e63ba16ef,Corp_Infra_Mention__b8280958ff94ab0bf169e53e63ba16ef
chase bank center,Chase Bank center,966191f75ef9ac701462a3d71cb0811c,Keyphrase,Chase Bank center,,Corp_Infra_Mention,b49832925bb3eaa5830739a4960200a8,Corp_Infra_Mention__b49832925bb3eaa5830739a4960200a8
westpac center,Westpac center,66f3f385b2f3bf76d89d2eaeba5e300c,Diplomat,Westpac center,,Corp_Infra_Mention,479e3be71114837bd724ec766767f124,Corp_Infra_Mention__479e3be71114837bd724ec766767f124
pnc bank distribution center,PNC Bank distribution center,c897bccc1fc1b783c12539bccd3fdbeb,ForeignMinistry,PNC Bank distribution center,,Corp_Infra_Mention,a53ead518b638528945497c7de143d16,Corp_Infra_Mention__a53ead518b638528945497c7de143d16
jpmorgan distribution center,JPMorgan distribution center,966191f75ef9ac701462a3d71cb0811c,DiplomaticFacilities,JPMorgan distribution center,,Corp_Infra_Mention,b52ee293c7b0411c87681fe14011e0d9,Corp_Infra_Mention__b52ee293c7b0411c87681fe14011e0d9
chase bank distribution center,Chase Bank distribution center,966191f75ef9ac701462a3d71cb0811c,ForeignMinistry,Chase Bank distribution center,,Corp_Infra_Mention,144cd92c3fbcf991e8a83c27e5ca0ced,Corp_Infra_Mention__144cd92c3fbcf991e8a83c27e5ca0ced
westpac distribution center,Westpac distribution center,66f3f385b2f3bf76d89d2eaeba5e300c,AAEntity,Westpac distribution center,,Corp_Infra_Mention,913451ff0fdde6e39a1a388988470bbb,Corp_Infra_Mention__913451ff0fdde6e39a1a388988470bbb
pnc bank truck,PNC Bank truck,c897bccc1fc1b783c12539bccd3fdbeb,LegislativeCommittee,PNC Bank truck,,Corp_Infra_Mention,08aab9528edfbc986f8224a068a1d23b,Corp_Infra_Mention__08aab9528edfbc986f8224a068a1d23b
jpmorgan truck,JPMorgan truck,966191f75ef9ac701462a3d71cb0811c,AAEntity,JPMorgan truck,,Corp_Infra_Mention,0aaaf459ef557cbf8740a0d4dfec5b8e,Corp_Infra_Mention__0aaaf459ef557cbf8740a0d4dfec5b8e
chase bank truck,Chase Bank truck,966191f75ef9ac701462a3d71cb0811c,AAEntity,Chase Bank truck,,Corp_Infra_Mention,24f7c840f782ada54c968a55dc490997,Corp_Infra_Mention__24f7c840f782ada54c968a55dc490997
westpac truck,Westpac truck,66f3f385b2f3bf76d89d2eaeba5e300c,Refinery,Westpac truck,,Corp_Infra_Mention,694e8ec4d24490bd63ed14c5a87a68fa,Corp_Infra_Mention__694e8ec4d24490bd63ed14c5a87a68fa
pnc bank trucks,PNC Bank trucks,c897bccc1fc1b783c12539bccd3fdbeb,DiplomaticFacilities,PNC Bank trucks,,Corp_Infra_Mention,f999c2400904b9c4a9da06981327f1fe,Corp_Infra_Mention__f999c2400904b9c4a9da06981327f1fe
jpmorgan trucks,JPMorgan trucks,966191f75ef9ac701462a3d71cb0811c,Legislator,JPMorgan trucks,,Corp_Infra_Mention,92b673a5aa23581c4f4b4b743e1fa96d,Corp_Infra_Mention__92b673a5aa23581c4f4b4b743e1fa96d
chase bank trucks,Chase Bank trucks,966191f75ef9ac701462a3d71cb0811c,Organization,Chase Bank trucks,,Corp_Infra_Mention,1278a33187b8ecff3a43981b44ea115d,Corp_Infra_Mention__1278a33187b8ecff3a43981b44ea115d
westpac trucks,Westpac trucks,66f3f385b2f3bf76d89d2eaeba5e300c,Pipeline,Westpac trucks,,Corp_Infra_Mention,4c164c8cd8266ce4e95ef49a5e5710b2,Corp_Infra_Mention__4c164c8cd8266ce4e95ef49a5e5710b2
pnc bank facility,PNC Bank facility,c897bccc1fc1b783c12539bccd3fdbeb,Exec,PNC Bank facility,,Corp_Infra_Mention,5ae680b061d48f2a279c0ffd885dbdd6,Corp_Infra_Mention__5ae680b061d48f2a279c0ffd885dbdd6
jpmorgan facility,JPMorgan facility,966191f75ef9ac701462a3d71cb0811c,LegislativeCommittee,JPMorgan facility,,Corp_Infra_Mention,e41be001e74ede1d1dba56269d26537e,Corp_Infra_Mention__e41be001e74ede1d1dba56269d26537e
chase bank facility,Chase Bank facility,966191f75ef9ac701462a3d71cb0811c,Keyphrase,Chase Bank facility,,Corp_Infra_Mention,330d3b82eb57d369216e6b64227b5313,Corp_Infra_Mention__330d3b82eb57d369216e6b64227b5313
westpac facility,Westpac facility,66f3f385b2f3bf76d89d2eaeba5e300c,News,Westpac facility,,Corp_Infra_Mention,440b64494aa37b816f8a655b75c921f6,Corp_Infra_Mention__440b64494aa37b816f8a655b75c921f6
pnc bank facilities,PNC Bank facilities,c897bccc1fc1b783c12539bccd3fdbeb,ForeignMinistry,PNC Bank facilities,,Corp_Infra_Mention,04df4ea3d95dfcd92bc84d010bddb69e,Corp_Infra_Mention__04df4ea3d95dfcd92bc84d010bddb69e
jpmorgan facilities,JPMorgan facilities,966191f75ef9ac701462a3d71cb0811c,Keyphrase,JPMorgan facilities,,Corp_Infra_Mention,d57a23ea2c26f6ece453fe131fd2e57b,Corp_Infra_Mention__d57a23ea2c26f6ece453fe131fd2e57b
chase bank facilities,Chase Bank facilities,966191f75ef9ac701462a3d71cb0811c,IndustryTerm,Chase Bank facilities,,Corp_Infra_Mention,127f9e88a72ba5665982481a8dc59be8,Corp_Infra_Mention__127f9e88a72ba5665982481a8dc59be8
westpac facilities,Westpac facilities,66f3f385b2f3bf76d89d2eaeba5e300c,Refinery,Westpac facilities,,Corp_Infra_Mention,84f734589f5fd277788e0352dbc0a054,Corp_Infra_Mention__84f734589f5fd277788e0352dbc0a054
pnc bank manufacturing,PNC Bank manufacturing,c897bccc1fc1b783c12539bccd3fdbeb,Refinery,PNC Bank manufacturing,,Corp_Infra_Mention,12215637a14daa72a4c4e8869803193c,Corp_Infra_Mention__12215637a14daa72a4c4e8869803193c
jpmorgan manufacturing,JPMorgan manufacturing,966191f75ef9ac701462a3d71cb0811c,LegislativeCommittee,JPMorgan manufacturing,,Corp_Infra_Mention,5e98d0c12f13d08afde9be446ab16fbc,Corp_Infra_Mention__5e98d0c12f13d08afde9be446ab16fbc
chase bank manufacturing,Chase Bank manufacturing,966191f75ef9ac701462a3d71cb0811c,Refinery,Chase Bank manufacturing,,Corp_Infra_Mention,be8c5d283d24a42d75b498a474173715,Corp_Infra_Mention__be8c5d283d24a42d75b498a474173715
westpac manufacturing,Westpac manufacturing,66f3f385b2f3bf76d89d2eaeba5e300c,Person,Westpac manufacturing,,Corp_Infra_Mention,b4f1347e91e0a1409254c339f23f1f2b,Corp_Infra_Mention__b4f1347e91e0a1409254c339f23f1f2b
pnc bank production,PNC Bank production,c897bccc1fc1b783c12539bccd3fdbeb,IndustryTerm,PNC Bank production,,Corp_Infra_Mention,71c2f163a5434f189d398a95109880fe,Corp_Infra_Mention__71c2f163a5434f189d398a95109880fe
jpmorgan production,JPMorgan production,966191f75ef9ac701462a3d71cb0811c,DiplomaticFacilities,JPMorgan production,,Corp_Infra_Mention,a1325e54a043f6b8ca733228a75e2e72,Corp_Infra_Mention__a1325e54a043f6b8ca733228a75e2e72
chase bank production,Chase Bank production,966191f75ef9ac701462a3d71cb0811c,FTO,Chase Bank production,,Corp_Infra_Mention,cb05a941265de1644d53e5d0d42da94b,Corp_Infra_Mention__cb05a941265de1644d53e5d0d42da94b
westpac production,Westpac production,66f3f385b2f3bf76d89d2eaeba5e300c,LegislativeCommittee,Westpac production,,Corp_Infra_Mention,27f5a6e0969b7beaf8ca4691d923e609,Corp_Infra_Mention__27f5a6e0969b7beaf8ca4691d923e609
pnc bank processing,PNC Bank processing,c897bccc1fc1b783c12539bccd3fdbeb,Person,PNC Bank processing,,Corp_Infra_Mention,ea6b7de6712d582a293d381ef4bff04e,Corp_Infra_Mention__ea6b7de6712d582a293d381ef4bff04e
jpmorgan processing,JPMorgan processing,966191f75ef9ac701462a3d71cb0811c,Wells,JPMorgan processing,,Corp_Infra_Mention,f7153c40c2e9f0c2dbb93c775265d24e,Corp_Infra_Mention__f7153c40c2e9f0c2dbb93c775265d24e
chase bank processing,Chase Bank processing,966191f75ef9ac701462a3d71cb0811c,DiplomaticFacilities,Chase Bank processing,,Corp_Infra_Mention,0987a347094c755f80a2be10b3ff03fd,Corp_Infra_Mention__0987a347094c755f80a2be10b3ff03fd
westpac processing,Westpac processing,66f3f385b2f3bf76d89d2eaeba5e300c,Wells,Westpac processing,,Corp_Infra_Mention,2dcaa119bbcacaa39e042390a3cb8eec,Corp_Infra_Mention__2dcaa119bbcacaa39e042390a3cb8eec
pnc bank drilling,PNC Bank drilling,c897bccc1fc1b783c12539bccd3fdbeb,Pipeline,PNC Bank drilling,,Corp_Infra_Mention,bb1be5f96c84709d80b22cdf3b2a2234,Corp_Infra_Mention__bb1be5f96c84709d80b22cdf3b2a2234
jpmorgan drilling,JPMorgan drilling,966191f75ef9ac701462a3d71cb0811c,DiplomaticFacilities,JPMorgan drilling,,Corp_Infra_Mention,f9ad46175307b596726cdc5653cd864a,Corp_Infra_Mention__f9ad46175307b596726cdc5653cd864a
chase bank drilling,Chase Bank drilling,966191f75ef9ac701462a3d71cb0811c,Pipeline,Chase Bank drilling,,Corp_Infra_Mention,f0af949b04ba65d4997c951b46892789,Corp_Infra_Mention__f0af949b04ba65d4997c951b46892789
westpac drilling,Westpac drilling,66f3f385b2f3bf76d89d2eaeba5e300c,Shipping,Westpac drilling,,Corp_Infra_Mention,e300ea927254902076023d97bad3651f,Corp_Infra_Mention__e300ea927254902076023d97bad3651f
pnc bank gas station,PNC Bank gas station,c897bccc1fc1b783c12539bccd3fdbeb,IndustryTerm,PNC Bank gas station,,Corp_Infra_Mention,31b5fd2c17602a09c2c051fa6b4b33eb,Corp_Infra_Mention__31b5fd2c17602a09c2c051fa6b4b33eb
jpmorgan gas station,JPMorgan gas station,966191f75ef9ac701462a3d71cb0811c,Refinery,JPMorgan gas station,,Corp_Infra_Mention,c5876d4c16be0b26c409c3751a65e0cf,Corp_Infra_Mention__c5876d4c16be0b26c409c3751a65e0cf
chase bank gas station,Chase Bank gas station,966191f75ef9ac701462a3d71cb0811c,ForeignMinister,Chase Bank gas station,,Corp_Infra_Mention,0ca47d5322b3a0f1d37a446dd424b89e,Corp_Infra_Mention__0ca47d5322b3a0f1d37a446dd424b89e
westpac gas station,Westpac gas station,66f3f385b2f3bf76d89d2eaeba5e300c,FTO,Westpac gas station,,Corp_Infra_Mention,e9d3756e4749a5fcfaecaf649b798cd3,Corp_Infra_Mention__e9d3756e4749a5fcfaecaf649b798cd3
pnc bank petrol station,PNC Bank petrol station,c897bccc1fc1b783c12539bccd3fdbeb,space,PNC Bank petrol station,,Corp_Infra_Mention,312bb1a2c81c531c4d7552061f3236c0,Corp_Infra_Mention__312bb1a2c81c531c4d7552061f3236c0
jpmorgan petrol station,JPMorgan petrol station,966191f75ef9ac701462a3d71cb0811c,CompanyKeyword,JPMorgan petrol station,,Corp_Infra_Mention,8b83ead5dabff480f0708e4a202c3234,Corp_Infra_Mention__8b83ead5dabff480f0708e4a202c3234
chase bank petrol station,Chase Bank petrol station,966191f75ef9ac701462a3d71cb0811c,Organization,Chase Bank petrol station,,Corp_Infra_Mention,f90b4ae8ad117c3f67bfb6f650a33489,Corp_Infra_Mention__f90b4ae8ad117c3f67bfb6f650a33489
westpac petrol station,Westpac petrol station,66f3f385b2f3bf76d89d2eaeba5e300c,Media,Westpac petrol station,,Corp_Infra_Mention,b0cfeb89b45bb48940c0a6f6f0d12b1a,Corp_Infra_Mention__b0cfeb89b45bb48940c0a6f6f0d12b1a
pnc bank packaging center,PNC Bank packaging center,c897bccc1fc1b783c12539bccd3fdbeb,ForeignMinistry,PNC Bank packaging center,,Corp_Infra_Mention,2d8d96f9b9354584a09666da49322ab1,Corp_Infra_Mention__2d8d96f9b9354584a09666da49322ab1
jpmorgan packaging center,JPMorgan packaging center,966191f75ef9ac701462a3d71cb0811c,ForeignMinistry,JPMorgan packaging center,,Corp_Infra_Mention,9679ce8ce436d504b374802cfd29d83e,Corp_Infra_Mention__9679ce8ce436d504b374802cfd29d83e
chase bank packaging center,Chase Bank packaging center,966191f75ef9ac701462a3d71cb0811c,Wells,Chase Bank packaging center,,Corp_Infra_Mention,fb16d4a9cc3f984a3ce7376967b9ac3f,Corp_Infra_Mention__fb16d4a9cc3f984a3ce7376967b9ac3f
westpac packaging center,Westpac packaging center,66f3f385b2f3bf76d89d2eaeba5e300c,ForeignMinister,Westpac packaging center,,Corp_Infra_Mention,ad86e190ca706208ea27cc515582ddf2,Corp_Infra_Mention__ad86e190ca706208ea27cc515582ddf2
pnc bank packaging facility,PNC Bank packaging facility,c897bccc1fc1b783c12539bccd3fdbeb,Refinery,PNC Bank packaging facility,,Corp_Infra_Mention,a6a1a801bd4b3f1a9fe2e25a344d546c,Corp_Infra_Mention__a6a1a801bd4b3f1a9fe2e25a344d546c
jpmorgan packaging facility,JPMorgan packaging facility,966191f75ef9ac701462a3d71cb0811c,ForeignMinister,JPMorgan packaging facility,,Corp_Infra_Mention,80175de4945d2313ba80c02b9e3684cc,Corp_Infra_Mention__80175de4945d2313ba80c02b9e3684cc
chase bank packaging facility,Chase Bank packaging facility,966191f75ef9ac701462a3d71cb0811c,ForeignMinister,Chase Bank packaging facility,,Corp_Infra_Mention,bd1e698f817869a7a9717eaae7a25a9d,Corp_Infra_Mention__bd1e698f817869a7a9717eaae7a25a9d
westpac packaging facility,Westpac packaging facility,66f3f385b2f3bf76d89d2eaeba5e300c,Organization,Westpac packaging facility,,Corp_Infra_Mention,1746d7fd7f96114c2328f75a7d5f6167,Corp_Infra_Mention__1746d7fd7f96114c2328f75a7d5f6167
pnc bank delivery,PNC Bank delivery,c897bccc1fc1b783c12539bccd3fdbeb,Wells,PNC Bank delivery,,Corp_Infra_Mention,64e37279166a9136ff68a881849c2f4f,Corp_Infra_Mention__64e37279166a9136ff68a881849c2f4f
jpmorgan delivery,JPMorgan delivery,966191f75ef9ac701462a3d71cb0811c,CompanyKeyword,JPMorgan delivery,,Corp_Infra_Mention,5660f29c2997426db5958d95434e76f9,Corp_Infra_Mention__5660f29c2997426db5958d95434e76f9
chase bank delivery,Chase Bank delivery,966191f75ef9ac701462a3d71cb0811c,Pipeline,Chase Bank delivery,,Corp_Infra_Mention,446574ee91ae2450d1be37910ce5bca5,Corp_Infra_Mention__446574ee91ae2450d1be37910ce5bca5
westpac delivery,Westpac delivery,66f3f385b2f3bf76d89d2eaeba5e300c,News,Westpac delivery,,Corp_Infra_Mention,878c094db1dd23524cfb63e0a58874c1,Corp_Infra_Mention__878c094db1dd23524cfb63e0a58874c1
pnc bank compound,PNC Bank compound,c897bccc1fc1b783c12539bccd3fdbeb,Media,PNC Bank compound,,Corp_Infra_Mention,8982babfcf537420252b23b28f0bcd70,Corp_Infra_Mention__8982babfcf537420252b23b28f0bcd70
jpmorgan compound,JPMorgan compound,966191f75ef9ac701462a3d71cb0811c,IndustryTerm,JPMorgan compound,,Corp_Infra_Mention,6cf7c6875f4fe932f53216007b6c2e3b,Corp_Infra_Mention__6cf7c6875f4fe932f53216007b6c2e3b
chase bank compound,Chase Bank compound,966191f75ef9ac701462a3d71cb0811c,LegislativeCommittee,Chase Bank compound,,Corp_Infra_Mention,944ce2758ca4aec6c97417c0d3f9c9d6,Corp_Infra_Mention__944ce2758ca4aec6c97417c0d3f9c9d6
westpac compound,Westpac compound,66f3f385b2f3bf76d89d2eaeba5e300c,FTO,Westpac compound,,Corp_Infra_Mention,33c6824cdf724ae118ca60fea9b886e4,Corp_Infra_Mention__33c6824cdf724ae118ca60fea9b886e4
pnc bank fulfillment center,PNC Bank fulfillment center,c897bccc1fc1b783c12539bccd3fdbeb,LegislativeCommittee,PNC Bank fulfillment center,,Corp_Infra_Mention,eb1f725b94aafccc06fe3b9159ed3fc7,Corp_Infra_Mention__eb1f725b94aafccc06fe3b9159ed3fc7
jpmorgan fulfillment center,JPMorgan fulfillment center,966191f75ef9ac701462a3d71cb0811c,Organization,JPMorgan fulfillment center,,Corp_Infra_Mention,aafb20ee234b84e8dd33342d465be557,Corp_Infra_Mention__aafb20ee234b84e8dd33342d465be557
chase bank fulfillment center,Chase Bank fulfillment center,966191f75ef9ac701462a3d71cb0811c,Pipeline,Chase Bank fulfillment center,,Corp_Infra_Mention,7f03d8c8ac4d8fe0213d9fdc96f2ab59,Corp_Infra_Mention__7f03d8c8ac4d8fe0213d9fdc96f2ab59
westpac fulfillment center,Westpac fulfillment center,66f3f385b2f3bf76d89d2eaeba5e300c,Legislator,Westpac fulfillment center,,Corp_Infra_Mention,20f0ecb4515f2ba928c02305d28e9481,Corp_Infra_Mention__20f0ecb4515f2ba928c02305d28e9481
pnc bank refinery,PNC Bank refinery,c897bccc1fc1b783c12539bccd3fdbeb,ForeignMinister,PNC Bank refinery,,Corp_Infra_Mention,e478c15f60bc2bb76d64624d8f72ea96,Corp_Infra_Mention__e478c15f60bc2bb76d64624d8f72ea96
jpmorgan refinery,JPMorgan refinery,966191f75ef9ac701462a3d71cb0811c,Organization,JPMorgan refinery,,Corp_Infra_Mention,8e6edd637a4cf247da4ef290879bfbbc,Corp_Infra_Mention__8e6edd637a4cf247da4ef290879bfbbc
chase bank refinery,Chase Bank refinery,966191f75ef9ac701462a3d71cb0811c,DiplomaticFacilities,Chase Bank refinery,,Corp_Infra_Mention,464297cd6157f840ad4e91deaa0fe35d,Corp_Infra_Mention__464297cd6157f840ad4e91deaa0fe35d
westpac refinery,Westpac refinery,66f3f385b2f3bf76d89d2eaeba5e300c,Media,Westpac refinery,,Corp_Infra_Mention,06e0ac1691dfc205ec9164a8e5670b9c,Corp_Infra_Mention__06e0ac1691dfc205ec9164a8e5670b9c
pnc bank parking lot,PNC Bank parking lot,c897bccc1fc1b783c12539bccd3fdbeb,Keyphrase,PNC Bank parking lot,,Corp_Infra_Mention,e9ea0394d9f7e1dceccdbfb2d659bc41,Corp_Infra_Mention__e9ea0394d9f7e1dceccdbfb2d659bc41
jpmorgan parking lot,JPMorgan parking lot,966191f75ef9ac701462a3d71cb0811c,ForeignMinister,JPMorgan parking lot,,Corp_Infra_Mention,3e38a22144cd09f50cee191ed64e425e,Corp_Infra_Mention__3e38a22144cd09f50cee191ed64e425e
chase bank parking lot,Chase Bank parking lot,966191f75ef9ac701462a3d71cb0811c,News,Chase Bank parking lot,,Corp_Infra_Mention,a7e522deb93b7a3a597b334ccfbdf2a5,Corp_Infra_Mention__a7e522deb93b7a3a597b334ccfbdf2a5
westpac parking lot,Westpac parking lot,66f3f385b2f3bf76d89d2eaeba5e300c,Media,Westpac parking lot,,Corp_Infra_Mention,3e7182dde7ad0cc5b947902df2f0c999,Corp_Infra_Mention__3e7182dde7ad0cc5b947902df2f0c999
american airlines factory,American Airlines factory,4c0cfa29b24e5fb16b526d401bf15d77,Refinery,American Airlines factory,,Corp_Infra_Mention,eb68dadad6277842422f49df51458e0b,Corp_Infra_Mention__eb68dadad6277842422f49df51458e0b
american airlines plant,American Airlines plant,4c0cfa29b24e5fb16b526d401bf15d77,Diplomat,American Airlines plant,,Corp_Infra_Mention,ce9a59c06c63d02762947b4218ff4116,Corp_Infra_Mention__ce9a59c06c63d02762947b4218ff4116
american airlines store,American Airlines store,4c0cfa29b24e5fb16b526d401bf15d77,Organization,American Airlines store,,Corp_Infra_Mention,88bac96011b1c563f5a21fda5ef28b34,Corp_Infra_Mention__88bac96011b1c563f5a21fda5ef28b34
american airlines building,American Airlines building,4c0cfa29b24e5fb16b526d401bf15d77,LegislativeCommittee,American Airlines building,,Corp_Infra_Mention,9069bc38f32287643f53a38a1b2145a9,Corp_Infra_Mention__9069bc38f32287643f53a38a1b2145a9
american airlines warehouse,American Airlines warehouse,4c0cfa29b24e5fb16b526d401bf15d77,ForeignMinister,American Airlines warehouse,,Corp_Infra_Mention,63f1f4e7170e1bd8c4cfa804a58d96b3,Corp_Infra_Mention__63f1f4e7170e1bd8c4cfa804a58d96b3
american airlines complex,American Airlines complex,4c0cfa29b24e5fb16b526d401bf15d77,space,American Airlines complex,,Corp_Infra_Mention,034d0bccb2f400920a9b78d271676ed0,Corp_Infra_Mention__034d0bccb2f400920a9b78d271676ed0
american airlines campus,American Airlines campus,4c0cfa29b24e5fb16b526d401bf15d77,FTO,American Airlines campus,,Corp_Infra_Mention,eb83190fbc5af52f1132c994e0022dd2,Corp_Infra_Mention__eb83190fbc5af52f1132c994e0022dd2
american airlines hq,American Airlines headquarters,4c0cfa29b24e5fb16b526d401bf15d77,News,American Airlines headquarters,,Corp_Infra_Mention,a4716dc144b0d4f6fd8b7ba489e3f57d,Corp_Infra_Mention__a4716dc144b0d4f6fd8b7ba489e3f57d
american airlines headquarters,American Airlines headquarters,4c0cfa29b24e5fb16b526d401bf15d77,ForeignMinister,American Airlines headquarters,,Corp_Infra_Mention,a4716dc144b0d4f6fd8b7ba489e3f57d,Corp_Infra_Mention__a4716dc144b0d4f6fd8b7ba489e3f57d
american airlines office,American Airlines office,4c0cfa29b24e5fb16b526d401bf15d77,Wells,American Airlines office,,Corp_Infra_Mention,b8aaee3bc181bd476f0d0b5a76960bfe,Corp_Infra_Mention__b8aaee3bc181bd476f0d0b5a76960bfe
american airlines offices,American Airlines offices,4c0cfa29b24e5fb16b526d401bf15d77,ForeignMinister,American Airlines offices,,Corp_Infra_Mention,e218538b6ebeacd0deae93da11b61199,Corp_Infra_Mention__e218538b6ebeacd0deae93da11b61199
american airlines van,American Airlines van,4c0cfa29b24e5fb16b526d401bf15d77,Wells,American Airlines van,,Corp_Infra_Mention,72d3c21bb901b2cbfbd38db061c6d3f1,Corp_Infra_Mention__72d3c21bb901b2cbfbd38db061c6d3f1
american airlines center,American Airlines center,4c0cfa29b24e5fb16b526d401bf15d77,Legislator,American Airlines center,,Corp_Infra_Mention,9c751679d9a2a8a3104ea19c6efd81b2,Corp_Infra_Mention__9c751679d9a2a8a3104ea19c6efd81b2
american airlines distribution center,American Airlines distribution center,4c0cfa29b24e5fb16b526d401bf15d77,space,American Airlines distribution center,,Corp_Infra_Mention,fab5c566f643c5089b4534f1f1af56ad,Corp_Infra_Mention__fab5c566f643c5089b4534f1f1af56ad
american airlines truck,American Airlines truck,4c0cfa29b24e5fb16b526d401bf15d77,Refinery,American Airlines truck,,Corp_Infra_Mention,1ad4142c1c25b08d801ffa9eb9cfa763,Corp_Infra_Mention__1ad4142c1c25b08d801ffa9eb9cfa763
american airlines trucks,American Airlines trucks,4c0cfa29b24e5fb16b526d401bf15d77,Pipeline,American Airlines trucks,,Corp_Infra_Mention,6c9da7ed1c9f2a93cd39c53f475b2d39,Corp_Infra_Mention__6c9da7ed1c9f2a93cd39c53f475b2d39
american airlines facility,American Airlines facility,4c0cfa29b24e5fb16b526d401bf15d77,Diplomat,American Airlines facility,,Corp_Infra_Mention,2cc81c338487315fe68fe326257497ed,Corp_Infra_Mention__2cc81c338487315fe68fe326257497ed
american airlines facilities,American Airlines facilities,4c0cfa29b24e5fb16b526d401bf15d77,LegislativeCommittee,American Airlines facilities,,Corp_Infra_Mention,ee684c59b433ce2a81018ee48e5574b1,Corp_Infra_Mention__ee684c59b433ce2a81018ee48e5574b1
american airlines manufacturing,American Airlines manufacturing,4c0cfa29b24e5fb16b526d401bf15d77,FTO,American Airlines manufacturing,,Corp_Infra_Mention,7f1f13e80ea5eaefdb6c785b7a2c16ba,Corp_Infra_Mention__7f1f13e80ea5eaefdb6c785b7a2c16ba
american airlines production,American Airlines production,4c0cfa29b24e5fb16b526d401bf15d77,Organization,American Airlines production,,Corp_Infra_Mention,9d2d07f9e2af87653f85815e9c6175e1,Corp_Infra_Mention__9d2d07f9e2af87653f85815e9c6175e1
american airlines processing,American Airlines processing,4c0cfa29b24e5fb16b526d401bf15d77,Consulates,American Airlines processing,,Corp_Infra_Mention,e617b39807ce163cdab8784c842f41f9,Corp_Infra_Mention__e617b39807ce163cdab8784c842f41f9
american airlines drilling,American Airlines drilling,4c0cfa29b24e5fb16b526d401bf15d77,Media,American Airlines drilling,,Corp_Infra_Mention,6528fcd9f4e86667f8dfea8b2cce9e82,Corp_Infra_Mention__6528fcd9f4e86667f8dfea8b2cce9e82
american airlines gas station,American Airlines gas station,4c0cfa29b24e5fb16b526d401bf15d77,Legislator,American Airlines gas station,,Corp_Infra_Mention,8cc89376926a3affcf47cc718f45be74,Corp_Infra_Mention__8cc89376926a3affcf47cc718f45be74
american airlines petrol station,American Airlines petrol station,4c0cfa29b24e5fb16b526d401bf15d77,FTO,American Airlines petrol station,,Corp_Infra_Mention,e0150cfac340e388054e3b7c796144ca,Corp_Infra_Mention__e0150cfac340e388054e3b7c796144ca
american airlines packaging center,American Airlines packaging center,4c0cfa29b24e5fb16b526d401bf15d77,LegislativeCommittee,American Airlines packaging center,,Corp_Infra_Mention,c123cb5e109c3f9f930d005d984bdac7,Corp_Infra_Mention__c123cb5e109c3f9f930d005d984bdac7
american airlines packaging facility,American Airlines packaging facility,4c0cfa29b24e5fb16b526d401bf15d77,LegislativeCommittee,American Airlines packaging facility,,Corp_Infra_Mention,c8c6d36eb26a092e241f4bf285e282da,Corp_Infra_Mention__c8c6d36eb26a092e241f4bf285e282da
american airlines delivery,American Airlines delivery,4c0cfa29b24e5fb16b526d401bf15d77,Shipping,American Airlines delivery,,Corp_Infra_Mention,c56088cd09d70d803859496e79cb078d,Corp_Infra_Mention__c56088cd09d70d803859496e79cb078d
american airlines compound,American Airlines compound,4c0cfa29b24e5fb16b526d401bf15d77,Consulates,American Airlines compound,,Corp_Infra_Mention,4033f6c615aa9e17cea5a65fa4cf6a9e,Corp_Infra_Mention__4033f6c615aa9e17cea5a65fa4cf6a9e
american airlines fulfillment center,American Airlines fulfillment center,4c0cfa29b24e5fb16b526d401bf15d77,Keyphrase,American Airlines fulfillment center,,Corp_Infra_Mention,3f702067f3935bc612d32baeb47e7d33,Corp_Infra_Mention__3f702067f3935bc612d32baeb47e7d33
american airlines refinery,American Airlines refinery,4c0cfa29b24e5fb16b526d401bf15d77,AAEntity,American Airlines refinery,,Corp_Infra_Mention,e92adc08dbf72fbb52dda1cb203e5ee4,Corp_Infra_Mention__e92adc08dbf72fbb52dda1cb203e5ee4
american airlines parking lot,American Airlines parking lot,4c0cfa29b24e5fb16b526d401bf15d77,Organization,American Airlines parking lot,,Corp_Infra_Mention,703b5eeb2a69633b4849864d5e7baaae,Corp_Infra_Mention__703b5eeb2a69633b4849864d5e7baaae
apple factory,Apple factory,2adac6e9b077021a8c4e5de1a3aa057b,Consulates,Apple factory,,Corp_Infra_Mention,07d159b661b356dd0ba5a3c189de1554,Corp_Infra_Mention__07d159b661b356dd0ba5a3c189de1554
microsoft factory,Microsoft factory,3d1c91a37937505c39e43597605a2022,Organization,Microsoft factory,,Corp_Infra_Mention,e0decff3b8802c91108550fc2e53972d,Corp_Infra_Mention__e0decff3b8802c91108550fc2e53972d
uber factory,Uber factory,c0f40627427dacd06ff9438863c83be7,Organization,Uber factory,,Corp_Infra_Mention,62067e9cf7a76c338c03295f73064d2f,Corp_Infra_Mention__62067e9cf7a76c338c03295f73064d2f
google office factory,Google office factory,69bb2b0e88234d04213412ad72e44ee5,ForeignMinister,Google office factory,,Corp_Infra_Mention,1fa590c8b5c345d5ce0ddfc28325edb6,Corp_Infra_Mention__1fa590c8b5c345d5ce0ddfc28325edb6
deepmind office factory,Deepmind office factory,29d99882da5223603d025ccb959dfcbf,Legislator,Deepmind office factory,,Corp_Infra_Mention,a3ed3ae5974554e37ae8d084d515c3ce,Corp_Infra_Mention__a3ed3ae5974554e37ae8d084d515c3ce
waymo office factory,Waymo office factory,422fa12f23e9d8325787f49af1efba4a,DiplomaticFacilities,Waymo office factory,,Corp_Infra_Mention,a3c299debe5535b83bc0c1daf286891d,Corp_Infra_Mention__a3c299debe5535b83bc0c1daf286891d
apple plant,Apple plant,2adac6e9b077021a8c4e5de1a3aa057b,Consulates,Apple plant,,Corp_Infra_Mention,055a16965299616bc09e6d1352cbcbe0,Corp_Infra_Mention__055a16965299616bc09e6d1352cbcbe0
microsoft plant,Microsoft plant,3d1c91a37937505c39e43597605a2022,ForeignMinister,Microsoft plant,,Corp_Infra_Mention,3b0881b6ecec2dd2a11cc724f3c97a68,Corp_Infra_Mention__3b0881b6ecec2dd2a11cc724f3c97a68
uber plant,Uber plant,c0f40627427dacd06ff9438863c83be7,Diplomat,Uber plant,,Corp_Infra_Mention,0edf434d4df08cb4140d561866535950,Corp_Infra_Mention__0edf434d4df08cb4140d561866535950
uber store,Uber store,c0f40627427dacd06ff9438863c83be7,IndustryTerm,Uber store,,Corp_Infra_Mention,6f4221250786f69090db3c5450b90402,Corp_Infra_Mention__6f4221250786f69090db3c5450b90402
google office store,Google office store,69bb2b0e88234d04213412ad72e44ee5,FTO,Google office store,,Corp_Infra_Mention,41693a60c160a0c68b95f5f21c21a53b,Corp_Infra_Mention__41693a60c160a0c68b95f5f21c21a53b
deepmind office store,Deepmind office store,29d99882da5223603d025ccb959dfcbf,CompanyKeyword,Deepmind office store,,Corp_Infra_Mention,bd23a3d5be8ce8bfcd0f5512d5469c67,Corp_Infra_Mention__bd23a3d5be8ce8bfcd0f5512d5469c67
waymo office store,Waymo office store,422fa12f23e9d8325787f49af1efba4a,Keyphrase,Waymo office store,,Corp_Infra_Mention,a3135129d5d547e077f52fc9becc1cf2,Corp_Infra_Mention__a3135129d5d547e077f52fc9becc1cf2
apple building,Apple building,2adac6e9b077021a8c4e5de1a3aa057b,ForeignMinister,Apple building,,Corp_Infra_Mention,09498e0d949b0699cc8735db882683f9,Corp_Infra_Mention__09498e0d949b0699cc8735db882683f9
microsoft building,Microsoft building,3d1c91a37937505c39e43597605a2022,Shipping,Microsoft building,,Corp_Infra_Mention,202ef4343306f72878f65f4f726244b6,Corp_Infra_Mention__202ef4343306f72878f65f4f726244b6
uber building,Uber building,c0f40627427dacd06ff9438863c83be7,Legislator,Uber building,,Corp_Infra_Mention,0a1e91b242c249dd12f8960b4ceccd28,Corp_Infra_Mention__0a1e91b242c249dd12f8960b4ceccd28
google office building,Google office building,69bb2b0e88234d04213412ad72e44ee5,News,Google office building,,Corp_Infra_Mention,525cf588b612e6b39049d41ebe4171b9,Corp_Infra_Mention__525cf588b612e6b39049d41ebe4171b9
deepmind office building,Deepmind office building,29d99882da5223603d025ccb959dfcbf,DiplomaticFacilities,Deepmind office building,,Corp_Infra_Mention,df28d6854b6aeca7f7169e5df617a0dd,Corp_Infra_Mention__df28d6854b6aeca7f7169e5df617a0dd
waymo office building,Waymo office building,422fa12f23e9d8325787f49af1efba4a,space,Waymo office building,,Corp_Infra_Mention,89a0042205e797cece93ee26c91890d5,Corp_Infra_Mention__89a0042205e797cece93ee26c91890d5
apple warehouse,Apple warehouse,2adac6e9b077021a8c4e5de1a3aa057b,ForeignMinister,Apple warehouse,,Corp_Infra_Mention,2813bb368641f7535ce376f808631caa,Corp_Infra_Mention__2813bb368641f7535ce376f808631caa
microsoft warehouse,Microsoft warehouse,3d1c91a37937505c39e43597605a2022,ForeignMinistry,Microsoft warehouse,,Corp_Infra_Mention,06195e4f20233fc372ddea34def4db21,Corp_Infra_Mention__06195e4f20233fc372ddea34def4db21
uber warehouse,Uber warehouse,c0f40627427dacd06ff9438863c83be7,Consulates,Uber warehouse,,Corp_Infra_Mention,f92d66366c213a5ddfb068d5ceff6122,Corp_Infra_Mention__f92d66366c213a5ddfb068d5ceff6122
google office warehouse,Google office warehouse,69bb2b0e88234d04213412ad72e44ee5,Diplomat,Google office warehouse,,Corp_Infra_Mention,2fffa911e508c17580ab6061e08ce465,Corp_Infra_Mention__2fffa911e508c17580ab6061e08ce465
deepmind office warehouse,Deepmind office warehouse,29d99882da5223603d025ccb959dfcbf,IndustryTerm,Deepmind office warehouse,,Corp_Infra_Mention,be2375330e593b3eafaeb222fa2b10fc,Corp_Infra_Mention__be2375330e593b3eafaeb222fa2b10fc
waymo office warehouse,Waymo office warehouse,422fa12f23e9d8325787f49af1efba4a,AAEntity,Waymo office warehouse,,Corp_Infra_Mention,f7ce78fca79f39fa2013dd2cdf39afc0,Corp_Infra_Mention__f7ce78fca79f39fa2013dd2cdf39afc0
apple complex,Apple complex,2adac6e9b077021a8c4e5de1a3aa057b,FTO,Apple complex,,Corp_Infra_Mention,9e2cb7d13969472796077f7ab74cf263,Corp_Infra_Mention__9e2cb7d13969472796077f7ab74cf263
microsoft complex,Microsoft complex,3d1c91a37937505c39e43597605a2022,DiplomaticFacilities,Microsoft complex,,Corp_Infra_Mention,5e0fb6c3462b780c77645f2ef9525569,Corp_Infra_Mention__5e0fb6c3462b780c77645f2ef9525569
uber complex,Uber complex,c0f40627427dacd06ff9438863c83be7,Organization,Uber complex,,Corp_Infra_Mention,12ed92df3a3dbb16a879f1a2f32185da,Corp_Infra_Mention__12ed92df3a3dbb16a879f1a2f32185da
google office complex,Google office complex,69bb2b0e88234d04213412ad72e44ee5,Person,Google office complex,,Corp_Infra_Mention,77db981d067a67a0630c4019ecb2369e,Corp_Infra_Mention__77db981d067a67a0630c4019ecb2369e
deepmind office complex,Deepmind office complex,29d99882da5223603d025ccb959dfcbf,AAEntity,Deepmind office complex,,Corp_Infra_Mention,3169931a5c3e1837991a6352970a3dd8,Corp_Infra_Mention__3169931a5c3e1837991a6352970a3dd8
waymo office complex,Waymo office complex,422fa12f23e9d8325787f49af1efba4a,Consulates,Waymo office complex,,Corp_Infra_Mention,070644bcd5361c27465637b00e20c499,Corp_Infra_Mention__070644bcd5361c27465637b00e20c499
apple campus,Apple campus,2adac6e9b077021a8c4e5de1a3aa057b,Organization,Apple campus,,Corp_Infra_Mention,58384a6d71c33c1028a59d4f40109b26,Corp_Infra_Mention__58384a6d71c33c1028a59d4f40109b26
microsoft campus,Microsoft campus,3d1c91a37937505c39e43597605a2022,Organization,Microsoft campus,,Corp_Infra_Mention,e94c8a83715743ece50cd8211cae4edb,Corp_Infra_Mention__e94c8a83715743ece50cd8211cae4edb
uber campus,Uber campus,c0f40627427dacd06ff9438863c83be7,LegislativeCommittee,Uber campus,,Corp_Infra_Mention,1fec7bd530bb0241a54805847e3a803d,Corp_Infra_Mention__1fec7bd530bb0241a54805847e3a803d
google office campus,Google office campus,69bb2b0e88234d04213412ad72e44ee5,Shipping,Google office campus,,Corp_Infra_Mention,74bbf9aac63ab349179fffa342df4dc7,Corp_Infra_Mention__74bbf9aac63ab349179fffa342df4dc7
deepmind office campus,Deepmind office campus,29d99882da5223603d025ccb959dfcbf,News,Deepmind office campus,,Corp_Infra_Mention,150c5fe44c3651faa6cddeb9309e21c3,Corp_Infra_Mention__150c5fe44c3651faa6cddeb9309e21c3
waymo office campus,Waymo office campus,422fa12f23e9d8325787f49af1efba4a,Organization,Waymo office campus,,Corp_Infra_Mention,0b97c9ba6e8464c03fa0ee250c1fdee0,Corp_Infra_Mention__0b97c9ba6e8464c03fa0ee250c1fdee0
apple hq,Apple headquarters,2adac6e9b077021a8c4e5de1a3aa057b,LegislativeCommittee,Apple headquarters,,Corp_Infra_Mention,92cd000689a148bfa06ab05aad1b00f7,Corp_Infra_Mention__92cd000689a148bfa06ab05aad1b00f7
microsoft hq,Microsoft headquarters,3d1c91a37937505c39e43597605a2022,ForeignMinister,Microsoft headquarters,,Corp_Infra_Mention,69c19ccff3eb38a701df22c5e715c181,Corp_Infra_Mention__69c19ccff3eb38a701df22c5e715c181
uber hq,Uber headquarters,c0f40627427dacd06ff9438863c83be7,Organization,Uber headquarters,,Corp_Infra_Mention,6b6e886e7e733dd85fddca69718e9307,Corp_Infra_Mention__6b6e886e7e733dd85fddca69718e9307
google office hq,Google office headquarters,69bb2b0e88234d04213412ad72e44ee5,Organization,Google office headquarters,,Corp_Infra_Mention,05f853dbe2f7991c0813ad61c4f49ca9,Corp_Infra_Mention__05f853dbe2f7991c0813ad61c4f49ca9
deepmind office hq,Deepmind office headquarters,29d99882da5223603d025ccb959dfcbf,Pipeline,Deepmind office headquarters,,Corp_Infra_Mention,65506e25654e2a1b9e6129d418958c71,Corp_Infra_Mention__65506e25654e2a1b9e6129d418958c71
waymo office hq,Waymo office headquarters,422fa12f23e9d8325787f49af1efba4a,DiplomaticFacilities,Waymo office headquarters,,Corp_Infra_Mention,113a20c15f66e563c673515d4c4e3799,Corp_Infra_Mention__113a20c15f66e563c673515d4c4e3799
apple headquarters,Apple headquarters,2adac6e9b077021a8c4e5de1a3aa057b,space,Apple headquarters,,Corp_Infra_Mention,92cd000689a148bfa06ab05aad1b00f7,Corp_Infra_Mention__92cd000689a148bfa06ab05aad1b00f7
microsoft headquarters,Microsoft headquarters,3d1c91a37937505c39e43597605a2022,Pipeline,Microsoft headquarters,,Corp_Infra_Mention,69c19ccff3eb38a701df22c5e715c181,Corp_Infra_Mention__69c19ccff3eb38a701df22c5e715c181
uber headquarters,Uber headquarters,c0f40627427dacd06ff9438863c83be7,Exec,Uber headquarters,,Corp_Infra_Mention,6b6e886e7e733dd85fddca69718e9307,Corp_Infra_Mention__6b6e886e7e733dd85fddca69718e9307
google office headquarters,Google office headquarters,69bb2b0e88234d04213412ad72e44ee5,Media,Google office headquarters,,Corp_Infra_Mention,05f853dbe2f7991c0813ad61c4f49ca9,Corp_Infra_Mention__05f853dbe2f7991c0813ad61c4f49ca9
deepmind office headquarters,Deepmind office headquarters,29d99882da5223603d025ccb959dfcbf,Person,Deepmind office headquarters,,Corp_Infra_Mention,65506e25654e2a1b9e6129d418958c71,Corp_Infra_Mention__65506e25654e2a1b9e6129d418958c71
waymo office headquarters,Waymo office headquarters,422fa12f23e9d8325787f49af1efba4a,Person,Waymo office headquarters,,Corp_Infra_Mention,113a20c15f66e563c673515d4c4e3799,Corp_Infra_Mention__113a20c15f66e563c673515d4c4e3799
apple office,Apple office,2adac6e9b077021a8c4e5de1a3aa057b,LegislativeCommittee,Apple office,,Corp_Infra_Mention,8770c543c9d81f9742ac80633139eb81,Corp_Infra_Mention__8770c543c9d81f9742ac80633139eb81
microsoft office,Microsoft office,3d1c91a37937505c39e43597605a2022,Shipping,Microsoft office,,Corp_Infra_Mention,4e489857cbd0ad6c979a50f2d5b1e547,Corp_Infra_Mention__4e489857cbd0ad6c979a50f2d5b1e547
uber office,Uber office,c0f40627427dacd06ff9438863c83be7,News,Uber office,,Corp_Infra_Mention,245c17bf9885677a5069e8273eba056c,Corp_Infra_Mention__245c17bf9885677a5069e8273eba056c
google office office,Google office office,69bb2b0e88234d04213412ad72e44ee5,Consulates,Google office office,,Corp_Infra_Mention,e4df4432ce3aadbffa7d522cd038fcc7,Corp_Infra_Mention__e4df4432ce3aadbffa7d522cd038fcc7
deepmind office office,Deepmind office office,29d99882da5223603d025ccb959dfcbf,Shipping,Deepmind office office,,Corp_Infra_Mention,c9948ce4839f01dc03806bf1864f0eb1,Corp_Infra_Mention__c9948ce4839f01dc03806bf1864f0eb1
waymo office office,Waymo office office,422fa12f23e9d8325787f49af1efba4a,Diplomat,Waymo office office,,Corp_Infra_Mention,1f8dfdf5b6b88c55695d353a178a352c,Corp_Infra_Mention__1f8dfdf5b6b88c55695d353a178a352c
apple offices,Apple offices,2adac6e9b077021a8c4e5de1a3aa057b,Consulates,Apple offices,,Corp_Infra_Mention,45f3ac248c6f054dfadddceca2f8325e,Corp_Infra_Mention__45f3ac248c6f054dfadddceca2f8325e
microsoft offices,Microsoft offices,3d1c91a37937505c39e43597605a2022,Keyphrase,Microsoft offices,,Corp_Infra_Mention,5aa32c9b9729957b965645d9f12a7c7b,Corp_Infra_Mention__5aa32c9b9729957b965645d9f12a7c7b
uber offices,Uber offices,c0f40627427dacd06ff9438863c83be7,Person,Uber offices,,Corp_Infra_Mention,e7e889714549323e25c3f8eeb77aab18,Corp_Infra_Mention__e7e889714549323e25c3f8eeb77aab18
google office offices,Google office offices,69bb2b0e88234d04213412ad72e44ee5,Exec,Google office offices,,Corp_Infra_Mention,2220f19134776fb82d7cbe149a72c380,Corp_Infra_Mention__2220f19134776fb82d7cbe149a72c380
deepmind office offices,Deepmind office offices,29d99882da5223603d025ccb959dfcbf,space,Deepmind office offices,,Corp_Infra_Mention,2c00c4ccaada122962173468540eb166,Corp_Infra_Mention__2c00c4ccaada122962173468540eb166
waymo office offices,Waymo office offices,422fa12f23e9d8325787f49af1efba4a,FTO,Waymo office offices,,Corp_Infra_Mention,e75117d90a6fcd471ad71f5b0e993f3b,Corp_Infra_Mention__e75117d90a6fcd471ad71f5b0e993f3b
google office van,Google office van,69bb2b0e88234d04213412ad72e44ee5,News,Google office van,,Corp_Infra_Mention,4b023299a61ee20db207f7eef2d4f39e,Corp_Infra_Mention__4b023299a61ee20db207f7eef2d4f39e
deepmind office van,Deepmind office van,29d99882da5223603d025ccb959dfcbf,Shipping,Deepmind office van,,Corp_Infra_Mention,20c235c86ceef7cb3333412470467fed,Corp_Infra_Mention__20c235c86ceef7cb3333412470467fed
waymo office van,Waymo office van,422fa12f23e9d8325787f49af1efba4a,IndustryTerm,Waymo office van,,Corp_Infra_Mention,c61b2bfa9e6c23c2aced492fb6069c02,Corp_Infra_Mention__c61b2bfa9e6c23c2aced492fb6069c02
apple center,Apple center,2adac6e9b077021a8c4e5de1a3aa057b,FTO,Apple center,,Corp_Infra_Mention,f46bdcab6a5705094512b8b2be6f4042,Corp_Infra_Mention__f46bdcab6a5705094512b8b2be6f4042
microsoft center,Microsoft center,3d1c91a37937505c39e43597605a2022,space,Microsoft center,,Corp_Infra_Mention,1df961280ebd41012dde779cdfb3af48,Corp_Infra_Mention__1df961280ebd41012dde779cdfb3af48
uber center,Uber center,c0f40627427dacd06ff9438863c83be7,ForeignMinister,Uber center,,Corp_Infra_Mention,7cd18611edc1f0d3e6e659a4a2a590ad,Corp_Infra_Mention__7cd18611edc1f0d3e6e659a4a2a590ad
google office center,Google office center,69bb2b0e88234d04213412ad72e44ee5,Organization,Google office center,,Corp_Infra_Mention,d67caeffc3183e7c4c2159123dacd90f,Corp_Infra_Mention__d67caeffc3183e7c4c2159123dacd90f
deepmind office center,Deepmind office center,29d99882da5223603d025ccb959dfcbf,Exec,Deepmind office center,,Corp_Infra_Mention,6691b280609acaeaa4d707b86517ad94,Corp_Infra_Mention__6691b280609acaeaa4d707b86517ad94
waymo office center,Waymo office center,422fa12f23e9d8325787f49af1efba4a,Pipeline,Waymo office center,,Corp_Infra_Mention,c32725c7d530f98441cd77dae7bfc759,Corp_Infra_Mention__c32725c7d530f98441cd77dae7bfc759
apple distribution center,Apple distribution center,2adac6e9b077021a8c4e5de1a3aa057b,AAEntity,Apple distribution center,,Corp_Infra_Mention,212e238f61aac7a06bb15871b089857e,Corp_Infra_Mention__212e238f61aac7a06bb15871b089857e
microsoft distribution center,Microsoft distribution center,3d1c91a37937505c39e43597605a2022,Diplomat,Microsoft distribution center,,Corp_Infra_Mention,4e89d5c1e0d24f51e07455c1b1147250,Corp_Infra_Mention__4e89d5c1e0d24f51e07455c1b1147250
uber distribution center,Uber distribution center,c0f40627427dacd06ff9438863c83be7,Diplomat,Uber distribution center,,Corp_Infra_Mention,edd705440d1c6db2105e63cde99778ca,Corp_Infra_Mention__edd705440d1c6db2105e63cde99778ca
google office distribution center,Google office distribution center,69bb2b0e88234d04213412ad72e44ee5,space,Google office distribution center,,Corp_Infra_Mention,b3248fc766a593c09bf9100e6b108f67,Corp_Infra_Mention__b3248fc766a593c09bf9100e6b108f67
deepmind office distribution center,Deepmind office distribution center,29d99882da5223603d025ccb959dfcbf,Legislator,Deepmind office distribution center,,Corp_Infra_Mention,7994e00d805144b141c48e224d00cd4a,Corp_Infra_Mention__7994e00d805144b141c48e224d00cd4a
waymo office distribution center,Waymo office distribution center,422fa12f23e9d8325787f49af1efba4a,Wells,Waymo office distribution center,,Corp_Infra_Mention,60303d683b51086e9d1d59c33d45f2a1,Corp_Infra_Mention__60303d683b51086e9d1d59c33d45f2a1
apple truck,Apple truck,2adac6e9b077021a8c4e5de1a3aa057b,Diplomat,Apple truck,,Corp_Infra_Mention,a14e31857e573a5d32c338cc22272310,Corp_Infra_Mention__a14e31857e573a5d32c338cc22272310
microsoft truck,Microsoft truck,3d1c91a37937505c39e43597605a2022,ForeignMinistry,Microsoft truck,,Corp_Infra_Mention,31738410da3f8dd3913e83e3128733af,Corp_Infra_Mention__31738410da3f8dd3913e83e3128733af
google office truck,Google office truck,69bb2b0e88234d04213412ad72e44ee5,ForeignMinister,Google office truck,,Corp_Infra_Mention,0cdde60f638f19b468c0e784880e2c23,Corp_Infra_Mention__0cdde60f638f19b468c0e784880e2c23
deepmind office truck,Deepmind office truck,29d99882da5223603d025ccb959dfcbf,space,Deepmind office truck,,Corp_Infra_Mention,704bccbc58e94ff41f019a4f93f4ff60,Corp_Infra_Mention__704bccbc58e94ff41f019a4f93f4ff60
waymo office truck,Waymo office truck,422fa12f23e9d8325787f49af1efba4a,Refinery,Waymo office truck,,Corp_Infra_Mention,1adcea10349c690f2ad94e6a66dad991,Corp_Infra_Mention__1adcea10349c690f2ad94e6a66dad991
apple trucks,Apple trucks,2adac6e9b077021a8c4e5de1a3aa057b,News,Apple trucks,,Corp_Infra_Mention,f1be27dc8f205bdcdea1bbda53877ca9,Corp_Infra_Mention__f1be27dc8f205bdcdea1bbda53877ca9
microsoft trucks,Microsoft trucks,3d1c91a37937505c39e43597605a2022,AAEntity,Microsoft trucks,,Corp_Infra_Mention,8c8962d2b81e840c64ee92a60fe6bbf0,Corp_Infra_Mention__8c8962d2b81e840c64ee92a60fe6bbf0
google office trucks,Google office trucks,69bb2b0e88234d04213412ad72e44ee5,News,Google office trucks,,Corp_Infra_Mention,b02d75716751bc3587b714bbc7bdf1dd,Corp_Infra_Mention__b02d75716751bc3587b714bbc7bdf1dd
deepmind office trucks,Deepmind office trucks,29d99882da5223603d025ccb959dfcbf,space,Deepmind office trucks,,Corp_Infra_Mention,5edd44f5be07d1d17c95e6a872bf90f1,Corp_Infra_Mention__5edd44f5be07d1d17c95e6a872bf90f1
waymo office trucks,Waymo office trucks,422fa12f23e9d8325787f49af1efba4a,Person,Waymo office trucks,,Corp_Infra_Mention,7d504cda5608e816f2184321aed27a7c,Corp_Infra_Mention__7d504cda5608e816f2184321aed27a7c
apple facility,Apple facility,2adac6e9b077021a8c4e5de1a3aa057b,Exec,Apple facility,,Corp_Infra_Mention,05c2cf3dcad8d2e75ff3eaead5947670,Corp_Infra_Mention__05c2cf3dcad8d2e75ff3eaead5947670
microsoft facility,Microsoft facility,3d1c91a37937505c39e43597605a2022,LegislativeCommittee,Microsoft facility,,Corp_Infra_Mention,4ac0beb22affe1872309ab17aa1fc1e3,Corp_Infra_Mention__4ac0beb22affe1872309ab17aa1fc1e3
uber facility,Uber facility,c0f40627427dacd06ff9438863c83be7,Pipeline,Uber facility,,Corp_Infra_Mention,36e92e719c3054c87c8ec0d1999fbbdd,Corp_Infra_Mention__36e92e719c3054c87c8ec0d1999fbbdd
google office facility,Google office facility,69bb2b0e88234d04213412ad72e44ee5,ForeignMinister,Google office facility,,Corp_Infra_Mention,0a2c27002bd3b3ca6af8a8918c8a72c2,Corp_Infra_Mention__0a2c27002bd3b3ca6af8a8918c8a72c2
deepmind office facility,Deepmind office facility,29d99882da5223603d025ccb959dfcbf,Organization,Deepmind office facility,,Corp_Infra_Mention,760962ddfb5a57ed4c88559d07cc8727,Corp_Infra_Mention__760962ddfb5a57ed4c88559d07cc8727
waymo office facility,Waymo office facility,422fa12f23e9d8325787f49af1efba4a,Organization,Waymo office facility,,Corp_Infra_Mention,4f070a15d0dd2ebd6af97538255f1a4f,Corp_Infra_Mention__4f070a15d0dd2ebd6af97538255f1a4f
apple facilities,Apple facilities,2adac6e9b077021a8c4e5de1a3aa057b,Shipping,Apple facilities,,Corp_Infra_Mention,d6416de635fd5763353c737fe7fd1d36,Corp_Infra_Mention__d6416de635fd5763353c737fe7fd1d36
microsoft facilities,Microsoft facilities,3d1c91a37937505c39e43597605a2022,DiplomaticFacilities,Microsoft facilities,,Corp_Infra_Mention,bc74cff5f1edddb188a4bb8e35294163,Corp_Infra_Mention__bc74cff5f1edddb188a4bb8e35294163
uber facilities,Uber facilities,c0f40627427dacd06ff9438863c83be7,LegislativeCommittee,Uber facilities,,Corp_Infra_Mention,ffd660f62e4a8a2f836b01a058d9042c,Corp_Infra_Mention__ffd660f62e4a8a2f836b01a058d9042c
google office facilities,Google office facilities,69bb2b0e88234d04213412ad72e44ee5,Keyphrase,Google office facilities,,Corp_Infra_Mention,451fb4330f0cd4b110b41fdd54006f0b,Corp_Infra_Mention__451fb4330f0cd4b110b41fdd54006f0b
deepmind office facilities,Deepmind office facilities,29d99882da5223603d025ccb959dfcbf,space,Deepmind office facilities,,Corp_Infra_Mention,e19263416bcdfe0257d84ebe82b88a0e,Corp_Infra_Mention__e19263416bcdfe0257d84ebe82b88a0e
waymo office facilities,Waymo office facilities,422fa12f23e9d8325787f49af1efba4a,IndustryTerm,Waymo office facilities,,Corp_Infra_Mention,6a558a4b282d43a7c092612ff8724157,Corp_Infra_Mention__6a558a4b282d43a7c092612ff8724157
apple manufacturing,Apple manufacturing,2adac6e9b077021a8c4e5de1a3aa057b,FTO,Apple manufacturing,,Corp_Infra_Mention,be14e9383d910bc33119d8ee830a7357,Corp_Infra_Mention__be14e9383d910bc33119d8ee830a7357
microsoft manufacturing,Microsoft manufacturing,3d1c91a37937505c39e43597605a2022,space,Microsoft manufacturing,,Corp_Infra_Mention,28ba182cfef5c760e86d9b5cd5eef18d,Corp_Infra_Mention__28ba182cfef5c760e86d9b5cd5eef18d
uber manufacturing,Uber manufacturing,c0f40627427dacd06ff9438863c83be7,ForeignMinister,Uber manufacturing,,Corp_Infra_Mention,773007bebbacb70a226f122cafd3e66a,Corp_Infra_Mention__773007bebbacb70a226f122cafd3e66a
google office manufacturing,Google office manufacturing,69bb2b0e88234d04213412ad72e44ee5,Exec,Google office manufacturing,,Corp_Infra_Mention,db1e439b5d6ae14e361778a9153b0951,Corp_Infra_Mention__db1e439b5d6ae14e361778a9153b0951
deepmind office manufacturing,Deepmind office manufacturing,29d99882da5223603d025ccb959dfcbf,News,Deepmind office manufacturing,,Corp_Infra_Mention,846e4fc06d2ee15153a5af62849ede5f,Corp_Infra_Mention__846e4fc06d2ee15153a5af62849ede5f
waymo office manufacturing,Waymo office manufacturing,422fa12f23e9d8325787f49af1efba4a,News,Waymo office manufacturing,,Corp_Infra_Mention,251dc28ec57b4df1ecd51438f2b25bcc,Corp_Infra_Mention__251dc28ec57b4df1ecd51438f2b25bcc
apple production,Apple production,2adac6e9b077021a8c4e5de1a3aa057b,AAEntity,Apple production,,Corp_Infra_Mention,955a950c5f1fc854317abb316986a1b9,Corp_Infra_Mention__955a950c5f1fc854317abb316986a1b9
microsoft production,Microsoft production,3d1c91a37937505c39e43597605a2022,IndustryTerm,Microsoft production,,Corp_Infra_Mention,667ebd8b61263fc269da28523654f1e7,Corp_Infra_Mention__667ebd8b61263fc269da28523654f1e7
uber production,Uber production,c0f40627427dacd06ff9438863c83be7,Exec,Uber production,,Corp_Infra_Mention,439780689cbbf63abd3bd03a8771a090,Corp_Infra_Mention__439780689cbbf63abd3bd03a8771a090
google office production,Google office production,69bb2b0e88234d04213412ad72e44ee5,space,Google office production,,Corp_Infra_Mention,3b1760b0a4860a7cb76d4aa00f41a67f,Corp_Infra_Mention__3b1760b0a4860a7cb76d4aa00f41a67f
deepmind office production,Deepmind office production,29d99882da5223603d025ccb959dfcbf,ForeignMinistry,Deepmind office production,,Corp_Infra_Mention,a36c8a087e528e9ecb3e93c117d3bf34,Corp_Infra_Mention__a36c8a087e528e9ecb3e93c117d3bf34
waymo office production,Waymo office production,422fa12f23e9d8325787f49af1efba4a,space,Waymo office production,,Corp_Infra_Mention,003e497e5168738706c61003b7273144,Corp_Infra_Mention__003e497e5168738706c61003b7273144
apple processing,Apple processing,2adac6e9b077021a8c4e5de1a3aa057b,Pipeline,Apple processing,,Corp_Infra_Mention,5d158adcdeaf6fe7e067a7ae2f6df690,Corp_Infra_Mention__5d158adcdeaf6fe7e067a7ae2f6df690
microsoft processing,Microsoft processing,3d1c91a37937505c39e43597605a2022,CompanyKeyword,Microsoft processing,,Corp_Infra_Mention,3395cd8d2d4d6d05f109da27b0cccb10,Corp_Infra_Mention__3395cd8d2d4d6d05f109da27b0cccb10
uber processing,Uber processing,c0f40627427dacd06ff9438863c83be7,ForeignMinister,Uber processing,,Corp_Infra_Mention,9f0f4dea87ea92ee426674731bd26eaa,Corp_Infra_Mention__9f0f4dea87ea92ee426674731bd26eaa
google office processing,Google office processing,69bb2b0e88234d04213412ad72e44ee5,space,Google office processing,,Corp_Infra_Mention,d6587676c5cc74d1c167a956960d97e4,Corp_Infra_Mention__d6587676c5cc74d1c167a956960d97e4
deepmind office processing,Deepmind office processing,29d99882da5223603d025ccb959dfcbf,Media,Deepmind office processing,,Corp_Infra_Mention,c0b2a1ce6395d69bef02fe00d7ac1544,Corp_Infra_Mention__c0b2a1ce6395d69bef02fe00d7ac1544
waymo office processing,Waymo office processing,422fa12f23e9d8325787f49af1efba4a,Diplomat,Waymo office processing,,Corp_Infra_Mention,7d77b58c80fcd93376e91d5870723745,Corp_Infra_Mention__7d77b58c80fcd93376e91d5870723745
apple packaging center,Apple packaging center,2adac6e9b077021a8c4e5de1a3aa057b,Pipeline,Apple packaging center,,Corp_Infra_Mention,9f06ec9649e67e03278d4c930955d5f3,Corp_Infra_Mention__9f06ec9649e67e03278d4c930955d5f3
microsoft packaging center,Microsoft packaging center,3d1c91a37937505c39e43597605a2022,space,Microsoft packaging center,,Corp_Infra_Mention,f3c1777b33ad0f9b607579cd1604c21b,Corp_Infra_Mention__f3c1777b33ad0f9b607579cd1604c21b
uber packaging center,Uber packaging center,c0f40627427dacd06ff9438863c83be7,IndustryTerm,Uber packaging center,,Corp_Infra_Mention,00aad6616df4db4b09c1be93bf9fb16c,Corp_Infra_Mention__00aad6616df4db4b09c1be93bf9fb16c
google office packaging center,Google office packaging center,69bb2b0e88234d04213412ad72e44ee5,Exec,Google office packaging center,,Corp_Infra_Mention,b021792a1eb8d1a860481959be9eb81f,Corp_Infra_Mention__b021792a1eb8d1a860481959be9eb81f
deepmind office packaging center,Deepmind office packaging center,29d99882da5223603d025ccb959dfcbf,Consulates,Deepmind office packaging center,,Corp_Infra_Mention,450198577376c6e430a93ec62f7da63d,Corp_Infra_Mention__450198577376c6e430a93ec62f7da63d
waymo office packaging center,Waymo office packaging center,422fa12f23e9d8325787f49af1efba4a,ForeignMinistry,Waymo office packaging center,,Corp_Infra_Mention,2746f3abb330cdb59f6c35355cc18e37,Corp_Infra_Mention__2746f3abb330cdb59f6c35355cc18e37
apple packaging facility,Apple packaging facility,2adac6e9b077021a8c4e5de1a3aa057b,Shipping,Apple packaging facility,,Corp_Infra_Mention,2e072072ed7eeeee41872eb46fd8a3f7,Corp_Infra_Mention__2e072072ed7eeeee41872eb46fd8a3f7
microsoft packaging facility,Microsoft packaging facility,3d1c91a37937505c39e43597605a2022,News,Microsoft packaging facility,,Corp_Infra_Mention,b8b9dd5d589bdb6b2bb17a13b75ede25,Corp_Infra_Mention__b8b9dd5d589bdb6b2bb17a13b75ede25
uber packaging facility,Uber packaging facility,c0f40627427dacd06ff9438863c83be7,FTO,Uber packaging facility,,Corp_Infra_Mention,a32d7abee6114e67eeaf9fc448152c16,Corp_Infra_Mention__a32d7abee6114e67eeaf9fc448152c16
google office packaging facility,Google office packaging facility,69bb2b0e88234d04213412ad72e44ee5,Refinery,Google office packaging facility,,Corp_Infra_Mention,031470bda60275c7266c21b4c458d5fd,Corp_Infra_Mention__031470bda60275c7266c21b4c458d5fd
deepmind office packaging facility,Deepmind office packaging facility,29d99882da5223603d025ccb959dfcbf,DiplomaticFacilities,Deepmind office packaging facility,,Corp_Infra_Mention,3ec0a677d564e3c92ee7e49b5d7b890d,Corp_Infra_Mention__3ec0a677d564e3c92ee7e49b5d7b890d
waymo office packaging facility,Waymo office packaging facility,422fa12f23e9d8325787f49af1efba4a,Consulates,Waymo office packaging facility,,Corp_Infra_Mention,52d251be30ea95bbc72892e0f95f34e5,Corp_Infra_Mention__52d251be30ea95bbc72892e0f95f34e5
apple delivery,Apple delivery,2adac6e9b077021a8c4e5de1a3aa057b,Diplomat,Apple delivery,,Corp_Infra_Mention,09e0fc6312fc89a9ccd114d6630a2b0a,Corp_Infra_Mention__09e0fc6312fc89a9ccd114d6630a2b0a
microsoft delivery,Microsoft delivery,3d1c91a37937505c39e43597605a2022,ForeignMinister,Microsoft delivery,,Corp_Infra_Mention,ca39369b31b14940d3af4bff635b911d,Corp_Infra_Mention__ca39369b31b14940d3af4bff635b911d
google office delivery,Google office delivery,69bb2b0e88234d04213412ad72e44ee5,News,Google office delivery,,Corp_Infra_Mention,b19b9235dfc554dfdbad3942c96a97e2,Corp_Infra_Mention__b19b9235dfc554dfdbad3942c96a97e2
deepmind office delivery,Deepmind office delivery,29d99882da5223603d025ccb959dfcbf,space,Deepmind office delivery,,Corp_Infra_Mention,7210d80057d4873dc689da709cac4882,Corp_Infra_Mention__7210d80057d4873dc689da709cac4882
waymo office delivery,Waymo office delivery,422fa12f23e9d8325787f49af1efba4a,Keyphrase,Waymo office delivery,,Corp_Infra_Mention,96a68c55c7eb5baf112326c1bdc49deb,Corp_Infra_Mention__96a68c55c7eb5baf112326c1bdc49deb
apple compound,Apple compound,2adac6e9b077021a8c4e5de1a3aa057b,AAEntity,Apple compound,,Corp_Infra_Mention,058999106ac8e0d765ccccd72697a66a,Corp_Infra_Mention__058999106ac8e0d765ccccd72697a66a
microsoft compound,Microsoft compound,3d1c91a37937505c39e43597605a2022,Person,Microsoft compound,,Corp_Infra_Mention,c178371e5d5b3e61e8652c53aab5598e,Corp_Infra_Mention__c178371e5d5b3e61e8652c53aab5598e
uber compound,Uber compound,c0f40627427dacd06ff9438863c83be7,IndustryTerm,Uber compound,,Corp_Infra_Mention,e2b6e1f40926f9a298081e310adc1411,Corp_Infra_Mention__e2b6e1f40926f9a298081e310adc1411
google office compound,Google office compound,69bb2b0e88234d04213412ad72e44ee5,Exec,Google office compound,,Corp_Infra_Mention,6662e9b502d36a9ed5cd34f19ec6d81d,Corp_Infra_Mention__6662e9b502d36a9ed5cd34f19ec6d81d
deepmind office compound,Deepmind office compound,29d99882da5223603d025ccb959dfcbf,Media,Deepmind office compound,,Corp_Infra_Mention,87575608ada3f3a27b29d375cb9c9dc0,Corp_Infra_Mention__87575608ada3f3a27b29d375cb9c9dc0
waymo office compound,Waymo office compound,422fa12f23e9d8325787f49af1efba4a,Person,Waymo office compound,,Corp_Infra_Mention,68890eebbb049087ca5b747e10fc39c8,Corp_Infra_Mention__68890eebbb049087ca5b747e10fc39c8
uber fulfillment center,Uber fulfillment center,c0f40627427dacd06ff9438863c83be7,FTO,Uber fulfillment center,,Corp_Infra_Mention,d0effef3d051a41cb05a94d8afe648b6,Corp_Infra_Mention__d0effef3d051a41cb05a94d8afe648b6
apple parking lot,Apple parking lot,2adac6e9b077021a8c4e5de1a3aa057b,DiplomaticFacilities,Apple parking lot,,Corp_Infra_Mention,cf72a7dea4d67de41a1f51da18b4098a,Corp_Infra_Mention__cf72a7dea4d67de41a1f51da18b4098a
google office parking lot,Google office parking lot,69bb2b0e88234d04213412ad72e44ee5,Exec,Google office parking lot,,Corp_Infra_Mention,7d738dbe25024b2ad62f7117af0c667f,Corp_Infra_Mention__7d738dbe25024b2ad62f7117af0c667f
deepmind office parking lot,Deepmind office parking lot,29d99882da5223603d025ccb959dfcbf,Legislator,Deepmind office parking lot,,Corp_Infra_Mention,08e63169d2f5e91019059a132e8c89d8,Corp_Infra_Mention__08e63169d2f5e91019059a132e8c89d8
waymo office parking lot,Waymo office parking lot,422fa12f23e9d8325787f49af1efba4a,Diplomat,Waymo office parking lot,,Corp_Infra_Mention,9d3d89f64bbadcd5332d4dc850c8b80c,Corp_Infra_Mention__9d3d89f64bbadcd5332d4dc850c8b80c
morgan stanley factory,Morgan Stanley factory,9597f9cbacb1485175682349860da818,Pipeline,Morgan Stanley factory,,Corp_Infra_Mention,a0fc92a1c1ff8bef2e643394941a6fef,Corp_Infra_Mention__a0fc92a1c1ff8bef2e643394941a6fef
morgan stanley plant,Morgan Stanley plant,9597f9cbacb1485175682349860da818,Consulates,Morgan Stanley plant,,Corp_Infra_Mention,2130a2b1d61f891579f48415c64277f4,Corp_Infra_Mention__2130a2b1d61f891579f48415c64277f4
morgan stanley building,Morgan Stanley building,9597f9cbacb1485175682349860da818,FTO,Morgan Stanley building,,Corp_Infra_Mention,0494d6d268029588d9e8ccc30bbe9132,Corp_Infra_Mention__0494d6d268029588d9e8ccc30bbe9132
morgan stanley warehouse,Morgan Stanley warehouse,9597f9cbacb1485175682349860da818,Shipping,Morgan Stanley warehouse,,Corp_Infra_Mention,36e5f8233495c91ca381be109ca34c74,Corp_Infra_Mention__36e5f8233495c91ca381be109ca34c74
morgan stanley complex,Morgan Stanley complex,9597f9cbacb1485175682349860da818,DiplomaticFacilities,Morgan Stanley complex,,Corp_Infra_Mention,366306d732f657dd1a7dbe8cbe1ee053,Corp_Infra_Mention__366306d732f657dd1a7dbe8cbe1ee053
morgan stanley campus,Morgan Stanley campus,9597f9cbacb1485175682349860da818,LegislativeCommittee,Morgan Stanley campus,,Corp_Infra_Mention,150bfabde5e7bc478ff319b5e2ac418c,Corp_Infra_Mention__150bfabde5e7bc478ff319b5e2ac418c
morgan stanley hq,Morgan Stanley headquarters,9597f9cbacb1485175682349860da818,Diplomat,Morgan Stanley headquarters,,Corp_Infra_Mention,d54422f3682b02c4db067161adf09201,Corp_Infra_Mention__d54422f3682b02c4db067161adf09201
morgan stanley headquarters,Morgan Stanley headquarters,9597f9cbacb1485175682349860da818,FTO,Morgan Stanley headquarters,,Corp_Infra_Mention,d54422f3682b02c4db067161adf09201,Corp_Infra_Mention__d54422f3682b02c4db067161adf09201
morgan stanley office,Morgan Stanley office,9597f9cbacb1485175682349860da818,space,Morgan Stanley office,,Corp_Infra_Mention,bfb8dda8a030bcf86713137ab8cbfd16,Corp_Infra_Mention__bfb8dda8a030bcf86713137ab8cbfd16
morgan stanley offices,Morgan Stanley offices,9597f9cbacb1485175682349860da818,IndustryTerm,Morgan Stanley offices,,Corp_Infra_Mention,4a6184724729c92ec23080d3f3f46d82,Corp_Infra_Mention__4a6184724729c92ec23080d3f3f46d82
morgan stanley center,Morgan Stanley center,9597f9cbacb1485175682349860da818,Legislator,Morgan Stanley center,,Corp_Infra_Mention,dcf40f8fed27c47dda6277eeac6458ce,Corp_Infra_Mention__dcf40f8fed27c47dda6277eeac6458ce
morgan stanley distribution center,Morgan Stanley distribution center,9597f9cbacb1485175682349860da818,IndustryTerm,Morgan Stanley distribution center,,Corp_Infra_Mention,1158457857db305b4dbd699ac654a73b,Corp_Infra_Mention__1158457857db305b4dbd699ac654a73b
morgan stanley truck,Morgan Stanley truck,9597f9cbacb1485175682349860da818,LegislativeCommittee,Morgan Stanley truck,,Corp_Infra_Mention,3c7c6d158ed58a199c6e4104349f2ca9,Corp_Infra_Mention__3c7c6d158ed58a199c6e4104349f2ca9
morgan stanley trucks,Morgan Stanley trucks,9597f9cbacb1485175682349860da818,space,Morgan Stanley trucks,,Corp_Infra_Mention,66a9c48284f9e9a3ef989c02b05748dd,Corp_Infra_Mention__66a9c48284f9e9a3ef989c02b05748dd
morgan stanley facility,Morgan Stanley facility,9597f9cbacb1485175682349860da818,space,Morgan Stanley facility,,Corp_Infra_Mention,b6248e5df3b4f24f7499cf4f3e0a2fff,Corp_Infra_Mention__b6248e5df3b4f24f7499cf4f3e0a2fff
morgan stanley facilities,Morgan Stanley facilities,9597f9cbacb1485175682349860da818,Diplomat,Morgan Stanley facilities,,Corp_Infra_Mention,ab48292c426f98cb98bb4d90f58f1b53,Corp_Infra_Mention__ab48292c426f98cb98bb4d90f58f1b53
morgan stanley manufacturing,Morgan Stanley manufacturing,9597f9cbacb1485175682349860da818,Media,Morgan Stanley manufacturing,,Corp_Infra_Mention,ac881a659e0ef34927ac05d2ebe8cc15,Corp_Infra_Mention__ac881a659e0ef34927ac05d2ebe8cc15
morgan stanley production,Morgan Stanley production,9597f9cbacb1485175682349860da818,ForeignMinistry,Morgan Stanley production,,Corp_Infra_Mention,83baf9c0d0dee68ac9a9e6ebade815cc,Corp_Infra_Mention__83baf9c0d0dee68ac9a9e6ebade815cc
morgan stanley processing,Morgan Stanley processing,9597f9cbacb1485175682349860da818,Pipeline,Morgan Stanley processing,,Corp_Infra_Mention,149fbca51b4cf09a30fa56a80fcedf2b,Corp_Infra_Mention__149fbca51b4cf09a30fa56a80fcedf2b
morgan stanley packaging center,Morgan Stanley packaging center,9597f9cbacb1485175682349860da818,DiplomaticFacilities,Morgan Stanley packaging center,,Corp_Infra_Mention,51aa63ab0c7033ec0fd871ddd4bc2411,Corp_Infra_Mention__51aa63ab0c7033ec0fd871ddd4bc2411
morgan stanley packaging facility,Morgan Stanley packaging facility,9597f9cbacb1485175682349860da818,Pipeline,Morgan Stanley packaging facility,,Corp_Infra_Mention,d9d7ac62a7ddc876dce065a0c8d6916a,Corp_Infra_Mention__d9d7ac62a7ddc876dce065a0c8d6916a
morgan stanley delivery,Morgan Stanley delivery,9597f9cbacb1485175682349860da818,Keyphrase,Morgan Stanley delivery,,Corp_Infra_Mention,90a08c881764f9912f65e7ee65e73e48,Corp_Infra_Mention__90a08c881764f9912f65e7ee65e73e48
morgan stanley compound,Morgan Stanley compound,9597f9cbacb1485175682349860da818,FTO,Morgan Stanley compound,,Corp_Infra_Mention,7939ca7e19f0a12c22a01ef5e8dfcc06,Corp_Infra_Mention__7939ca7e19f0a12c22a01ef5e8dfcc06
morgan stanley parking lot,Morgan Stanley parking lot,9597f9cbacb1485175682349860da818,Keyphrase,Morgan Stanley parking lot,,Corp_Infra_Mention,f4de726da7c05646fb93bc0feb33174d,Corp_Infra_Mention__f4de726da7c05646fb93bc0feb33174d
bp assault rifle,BP assault rifle,38d8b69ed5061389a56cf5a9dad770db,Refinery,BP assault rifle,,Corp_Infra_Mention,902e2b31338ce635f69e24f71088ab0f,Corp_Infra_Mention__902e2b31338ce635f69e24f71088ab0f
bp factory,BP factory,38d8b69ed5061389a56cf5a9dad770db,News,BP factory,,Corp_Infra_Mention,2fed84f0b4cb19e88c75857430dfbba7,Corp_Infra_Mention__2fed84f0b4cb19e88c75857430dfbba7
bp plant,BP plant,38d8b69ed5061389a56cf5a9dad770db,News,BP plant,,Corp_Infra_Mention,724444984981255dcf617d93949171d7,Corp_Infra_Mention__724444984981255dcf617d93949171d7
bp store,BP store,38d8b69ed5061389a56cf5a9dad770db,Shipping,BP store,,Corp_Infra_Mention,a4d383bf32135cd8632357d78436194b,Corp_Infra_Mention__a4d383bf32135cd8632357d78436194b
bp building,BP building,38d8b69ed5061389a56cf5a9dad770db,DiplomaticFacilities,BP building,,Corp_Infra_Mention,a1ce63d99b2764a427c3b2da72ee36f3,Corp_Infra_Mention__a1ce63d99b2764a427c3b2da72ee36f3
bp warehouse,BP warehouse,38d8b69ed5061389a56cf5a9dad770db,LegislativeCommittee,BP warehouse,,Corp_Infra_Mention,63d3f806c8235b26ade918fa505ef179,Corp_Infra_Mention__63d3f806c8235b26ade918fa505ef179
bp complex,BP complex,38d8b69ed5061389a56cf5a9dad770db,DiplomaticFacilities,BP complex,,Corp_Infra_Mention,7af2823c2dca89d5d6fac824dedee38b,Corp_Infra_Mention__7af2823c2dca89d5d6fac824dedee38b
bp campus,BP campus,38d8b69ed5061389a56cf5a9dad770db,Wells,BP campus,,Corp_Infra_Mention,30586a3602000d8800902e3bc8e96493,Corp_Infra_Mention__30586a3602000d8800902e3bc8e96493
bp hq,BP hq,38d8b69ed5061389a56cf5a9dad770db,ForeignMinistry,BP hq,,Corp_Infra_Mention,7af47f4db77fc75936b491681e2533a2,Corp_Infra_Mention__7af47f4db77fc75936b491681e2533a2
bp headquarters,BP headquarters,38d8b69ed5061389a56cf5a9dad770db,Consulates,BP headquarters,,Corp_Infra_Mention,f274e16c280353b83a4f77b3e2824c61,Corp_Infra_Mention__f274e16c280353b83a4f77b3e2824c61
bp office,BP office,38d8b69ed5061389a56cf5a9dad770db,DiplomaticFacilities,BP office,,Corp_Infra_Mention,dad6c8a33f35f00bb07af73736e0501a,Corp_Infra_Mention__dad6c8a33f35f00bb07af73736e0501a
bp offices,BP offices,38d8b69ed5061389a56cf5a9dad770db,space,BP offices,,Corp_Infra_Mention,7988bf7ebd1b71a2ae8cf4508b78a0fc,Corp_Infra_Mention__7988bf7ebd1b71a2ae8cf4508b78a0fc
bp van,BP van,38d8b69ed5061389a56cf5a9dad770db,Pipeline,BP van,,Corp_Infra_Mention,1e62406fdc953a7babe3c5edfe60a04c,Corp_Infra_Mention__1e62406fdc953a7babe3c5edfe60a04c
bp center,BP center,38d8b69ed5061389a56cf5a9dad770db,Wells,BP center,,Corp_Infra_Mention,9b3d14727cb6fae1f7da40d57c067b47,Corp_Infra_Mention__9b3d14727cb6fae1f7da40d57c067b47
bp distribution center,BP distribution center,38d8b69ed5061389a56cf5a9dad770db,Keyphrase,BP distribution center,,Corp_Infra_Mention,fd1b79c2d5a1608386c2678db6b6e20d,Corp_Infra_Mention__fd1b79c2d5a1608386c2678db6b6e20d
bp truck,BP truck,38d8b69ed5061389a56cf5a9dad770db,Keyphrase,BP truck,,Corp_Infra_Mention,732ee5310ca7f28281d59c38471cd708,Corp_Infra_Mention__732ee5310ca7f28281d59c38471cd708
bp trucks,BP trucks,38d8b69ed5061389a56cf5a9dad770db,ForeignMinistry,BP trucks,,Corp_Infra_Mention,271b3bacafc3071830ccefd0226541ae,Corp_Infra_Mention__271b3bacafc3071830ccefd0226541ae
bp facility,BP facility,38d8b69ed5061389a56cf5a9dad770db,Legislator,BP facility,,Corp_Infra_Mention,41f8057539c564d1d37472f50c870b23,Corp_Infra_Mention__41f8057539c564d1d37472f50c870b23
bp facilities,BP facilities,38d8b69ed5061389a56cf5a9dad770db,Wells,BP facilities,,Corp_Infra_Mention,9d3a0659b32c293a3db56e27b6260124,Corp_Infra_Mention__9d3a0659b32c293a3db56e27b6260124
bp manufacturing,BP manufacturing,38d8b69ed5061389a56cf5a9dad770db,Organization,BP manufacturing,,Corp_Infra_Mention,e6f0a35eca2c5837c6cb3c772c2fa514,Corp_Infra_Mention__e6f0a35eca2c5837c6cb3c772c2fa514
bp trailer,BP trailer,38d8b69ed5061389a56cf5a9dad770db,Legislator,BP trailer,,Corp_Infra_Mention,b98f1762bd6cb9f8356897d41d63dfd9,Corp_Infra_Mention__b98f1762bd6cb9f8356897d41d63dfd9
bp trailers,BP trailers,38d8b69ed5061389a56cf5a9dad770db,Exec,BP trailers,,Corp_Infra_Mention,33134b156dbcfbf58c41108a6dd9f2b2,Corp_Infra_Mention__33134b156dbcfbf58c41108a6dd9f2b2
bp warehouse,BP warehouse,38d8b69ed5061389a56cf5a9dad770db,Person,BP warehouse,,Corp_Infra_Mention,63d3f806c8235b26ade918fa505ef179,Corp_Infra_Mention__63d3f806c8235b26ade918fa505ef179
bp production,BP production,38d8b69ed5061389a56cf5a9dad770db,Pipeline,BP production,,Corp_Infra_Mention,c26e31a8593ebbd4461fe897165d2842,Corp_Infra_Mention__c26e31a8593ebbd4461fe897165d2842
bp processing,BP processing,38d8b69ed5061389a56cf5a9dad770db,Organization,BP processing,,Corp_Infra_Mention,827aac304ae4759ba142fd017198a99e,Corp_Infra_Mention__827aac304ae4759ba142fd017198a99e
bp drilling,BP drilling,38d8b69ed5061389a56cf5a9dad770db,Media,BP drilling,,Corp_Infra_Mention,2313fcb445fc8bebac0963d49f6c15fa,Corp_Infra_Mention__2313fcb445fc8bebac0963d49f6c15fa
bp gas station,BP gas station,38d8b69ed5061389a56cf5a9dad770db,Pipeline,BP gas station,,Corp_Infra_Mention,92cd086a2e44d14e8082f74a62e63cad,Corp_Infra_Mention__92cd086a2e44d14e8082f74a62e63cad
bp petrol station,BP petrol station,38d8b69ed5061389a56cf5a9dad770db,Legislator,BP petrol station,,Corp_Infra_Mention,2595b1f5130f53f0f60feded954bac5b,Corp_Infra_Mention__2595b1f5130f53f0f60feded954bac5b
bp packaging center,BP packaging center,38d8b69ed5061389a56cf5a9dad770db,ForeignMinistry,BP packaging center,,Corp_Infra_Mention,e9556ed1eba82c4d4197dfc29d4e0b3e,Corp_Infra_Mention__e9556ed1eba82c4d4197dfc29d4e0b3e
bp packaging facility,BP packaging facility,38d8b69ed5061389a56cf5a9dad770db,Consulates,BP packaging facility,,Corp_Infra_Mention,9f7f16d9d78cfe73ba0ba44e118e57b9,Corp_Infra_Mention__9f7f16d9d78cfe73ba0ba44e118e57b9
bp delivery,BP delivery,38d8b69ed5061389a56cf5a9dad770db,space,BP delivery,,Corp_Infra_Mention,0ef1613307e97f9dc51109ee208be7e5,Corp_Infra_Mention__0ef1613307e97f9dc51109ee208be7e5
bp compound,BP compound,38d8b69ed5061389a56cf5a9dad770db,space,BP compound,,Corp_Infra_Mention,758ccad45990a431c69dfe0be14b44da,Corp_Infra_Mention__758ccad45990a431c69dfe0be14b44da
bp fulfillment center,BP fulfillment center,38d8b69ed5061389a56cf5a9dad770db,News,BP fulfillment center,,Corp_Infra_Mention,d55de923afda62fec9696c4ebae1d6d1,Corp_Infra_Mention__d55de923afda62fec9696c4ebae1d6d1
bp refinery,BP refinery,38d8b69ed5061389a56cf5a9dad770db,Pipeline,BP refinery,,Corp_Infra_Mention,28089d9e16463d6b961248960abd4e0a,Corp_Infra_Mention__28089d9e16463d6b961248960abd4e0a
bp parking lot,BP parking lot,38d8b69ed5061389a56cf5a9dad770db,Person,BP parking lot,,Corp_Infra_Mention,5b0b5a65a71be99ab5a2d17eaeb01e26,Corp_Infra_Mention__5b0b5a65a71be99ab5a2d17eaeb01e26